36.90625 -119.03125 38.6243775499686350
36.90625 -118.96875 38.6243775477144453
36.90625 -118.90625 38.6243775477147722
36.90625 -118.84375 38.6243775477143600
36.90625 -118.78125 38.6243775477147224
36.90625 -118.71875 38.6243771884642229
36.90625 -118.65625 38.6243775488419345
36.90625 -118.59375 38.6243775516593431
36.90625 -118.53125 38.6243775516588386
36.90625 -118.46875 38.6243779103460128
36.90625 -118.40625 38.6243779080915033
36.90625 -118.34375 38.6243779064006532
36.90625 -118.03125 38.6243775482778702
36.84375 -118.96875 38.6559921853672890
36.84375 -118.90625 38.6559921870568530
36.84375 -118.84375 38.6559925477294399
36.84375 -118.78125 38.6559921881833262
36.84375 -118.71875 38.6559921864934850
36.84375 -118.65625 38.6559925488549894
36.84375 -118.59375 38.6559921876194039
36.84375 -118.53125 38.6559925511080067
36.84375 -118.46875 38.6559925522340251
36.84375 -118.40625 38.6559925482926232
36.84375 -118.34375 38.6559918235688755
36.84375 -118.03125 38.6559918252577077
36.78125 -119.03125 38.6875608247924276
36.78125 -118.96875 38.6875608219791545
36.78125 -118.90625 38.6875611835087412
36.78125 -118.84375 38.6875611840712352
36.78125 -118.78125 38.6875608236669279
36.78125 -118.71875 38.6875604627002545
36.78125 -118.65625 38.6875611851967349
36.78125 -118.59375 38.6875611857594635
36.78125 -118.53125 38.6875611880101431
36.78125 -118.46875 38.6875611868846434
36.78125 -118.40625 38.6875608242293794
36.78125 -118.34375 38.6875608208540243
36.78125 -118.28125 38.6875608219790195
36.78125 -118.03125 38.6875608225413785
36.71875 -119.03125 38.7190837890919468
36.71875 -118.96875 38.7190834222086906
36.71875 -118.90625 38.7190837840321151
36.71875 -118.84375 38.7190837840322502
36.71875 -118.78125 38.7190837862807342
36.71875 -118.71875 38.7190834267060282
36.71875 -118.65625 38.7190841492281947
36.71875 -118.59375 38.7190837896539861
36.71875 -118.53125 38.7190841514778157
36.71875 -118.46875 38.7190837879673140
36.71875 -118.40625 38.7190841475417926
36.71875 -118.34375 38.7190837845941047
36.71875 -118.28125 38.7190834244577715
36.65625 -118.90625 38.7505599545991473
36.65625 -118.84375 38.7505603172776034
36.65625 -118.78125 38.7505599568459402
36.65625 -118.71875 38.7505599557218545
36.65625 -118.65625 38.7505603184007796
36.65625 -118.59375 38.7505599596546446
36.65625 -118.53125 38.7505603195245882
36.65625 -118.46875 38.7505603200855759
36.65625 -118.40625 38.7505603200855759
36.65625 -118.34375 38.7505603161537024
36.65625 -118.28125 38.7505599540373282
36.59375 -118.84375 38.7819911029047546
36.59375 -118.78125 38.7819903786475280
36.59375 -118.71875 38.7819903803315569
36.59375 -118.65625 38.7819911034661544
36.59375 -118.59375 38.7819911045887764
36.59375 -118.53125 38.7819911062729830
36.59375 -118.46875 38.7819911073956547
36.59375 -118.40625 38.7819911034659270
36.59375 -118.34375 38.7819903780860358
36.59375 -118.28125 38.7819911006599156
36.59375 -118.21875 38.7819911040278313
36.53125 -118.78125 38.8133746538203113
36.53125 -118.71875 38.8133746555033454
36.53125 -118.65625 38.8133753786630962
36.53125 -118.59375 38.8133753797851710
36.53125 -118.53125 38.8133753797847234
36.53125 -118.46875 38.8133753809068054
36.53125 -118.40625 38.8133753764193941
36.53125 -118.34375 38.8133753758594864
36.53125 -118.28125 38.8133746510159341
36.53125 -118.21875 38.8133753781020161
36.53125 -118.15625 38.8133753781023714
36.46875 -118.78125 38.8447127440344744
36.46875 -118.71875 38.8447127440345170
36.46875 -118.65625 38.8447127445948794
36.46875 -118.59375 38.8447134711423132
36.46875 -118.53125 38.8447134700220005
36.46875 -118.46875 38.8447127462755049
36.46875 -118.40625 38.8447127434737922
36.46875 -118.34375 38.8447134672198757
36.46875 -118.28125 38.8447127406716319
36.46875 -118.21875 38.8447127445949221
36.46875 -118.15625 38.8447127462757749
36.46875 -118.09375 38.8447134689006930
36.40625 -118.78125 38.8760046120355014
36.40625 -118.71875 38.8760046109156860
36.40625 -118.65625 38.8760053386059639
36.40625 -118.59375 38.8760049747608747
36.40625 -118.53125 38.8760046153949119
36.40625 -118.46875 38.8760053402857793
36.40625 -118.40625 38.8760046109158637
36.40625 -118.34375 38.8760046086764035
36.40625 -118.28125 38.8760049730810096
36.40625 -118.21875 38.8760046120360911
36.40625 -118.15625 38.8760049758806048
36.40625 -118.09375 38.8760046131555939
36.34375 -118.78125 38.9072502205279420
36.34375 -118.71875 38.9072502216465921
36.34375 -118.65625 38.9072509465617316
36.34375 -118.59375 38.9072502233254269
36.34375 -118.53125 38.9072509493588967
36.34375 -118.46875 38.9072509482400264
36.34375 -118.40625 38.9072502222062369
36.34375 -118.34375 38.9072509437642964
36.34375 -118.28125 38.9072502177307342
36.34375 -118.21875 38.9072509465610139
36.34375 -118.15625 38.9072502233251996
36.34375 -118.09375 38.9072502188497893
36.28125 -118.71875 38.9384495338470629
36.28125 -118.65625 38.9384498977141931
36.28125 -118.59375 38.9384498971550457
36.28125 -118.53125 38.9384498993910952
36.28125 -118.46875 38.9384498971554436
36.28125 -118.40625 38.9384498977142783
36.28125 -118.34375 38.9384498932419163
36.28125 -118.28125 38.9384495338473755
36.28125 -118.21875 38.9384498954781435
36.28125 -118.15625 38.9384498977143707
36.28125 -118.09375 38.9384495338469634
36.21875 -118.71875 38.9696021487672297
36.21875 -118.65625 38.9696028781982804
36.21875 -118.59375 38.9696028793155875
36.21875 -118.53125 38.9696028776395380
36.21875 -118.46875 38.9696025157176891
36.21875 -118.40625 38.9696028765227638
36.21875 -118.34375 38.9696025090144715
36.21875 -118.28125 38.9696021470909955
36.21875 -118.21875 38.9696021515596982
36.21875 -118.15625 38.9696028793157652
36.21875 -118.09375 38.9696028776400283
36.15625 -118.65625 39.0007091236760814
36.15625 -118.59375 39.0007091220004725
36.15625 -118.53125 39.0007091264664609
36.15625 -118.46875 39.0007091264653454
36.15625 -118.40625 39.0007091214424406
36.15625 -118.34375 39.0007091197678193
36.15625 -118.28125 39.0007091203266043
36.15625 -118.21875 39.0007091242335733
36.15625 -118.15625 39.0007091264658783
36.15625 -118.09375 39.0007091242336656
36.15625 -118.03125 39.0007091214424406
36.09375 -118.71875 39.0317693247101332
36.09375 -118.65625 39.0317693247100053
36.09375 -118.59375 39.0317700547404272
36.09375 -118.53125 39.0317700564134569
36.09375 -118.46875 39.0317700530672695
36.09375 -118.40625 39.0317700530670919
36.09375 -118.34375 39.0317700513942398
36.09375 -118.28125 39.0317693235948795
36.09375 -118.21875 39.0317693252675966
36.09375 -118.15625 39.0317693263831273
36.09375 -118.09375 39.0317700536252588
36.09375 -118.03125 39.0317693235949150
36.03125 -118.59375 39.0627830829625893
36.03125 -118.53125 39.0627830824050903
36.03125 -118.40625 39.0627838096694475
36.03125 -118.34375 39.0627838096694475
36.03125 -118.28125 39.0627830796188391
36.03125 -118.21875 39.0627830829625040
36.03125 -118.15625 39.0627838113412338
36.03125 -118.09375 39.0627830812909806
36.03125 -118.03125 39.0627838085549328
35.96875 -118.65625 39.0937510886950506
35.96875 -118.59375 39.0937510903659060
35.96875 -118.53125 39.0937510886951785
35.96875 -118.40625 39.0937503575112473
35.96875 -118.34375 39.0937503541704956
35.96875 -118.28125 39.0937503563974857
35.96875 -118.09375 39.0937503586244759
35.96875 -118.03125 39.0937503569542386
35.90625 -118.59375 39.1246711207513300
35.90625 -118.53125 39.1246711213072018
35.90625 -118.40625 39.1246718491724010
35.90625 -118.34375 39.1246711179694060
35.90625 -118.28125 39.1246711196384567
35.90625 -118.21875 39.1246718519542043
35.90625 -118.09375 39.1246711201947193
35.90625 -118.03125 39.1246711174125750
35.84375 -118.59375 39.1555453233178383
35.84375 -118.53125 39.1555460578761441
35.84375 -118.40625 39.1555460528729711
35.84375 -118.34375 39.1555460500928447
35.84375 -118.28125 39.1555453205379749
35.84375 -118.21875 39.1555453233174902
35.84375 -118.09375 39.1555453227614478
35.84375 -118.03125 39.1555453177583672
35.78125 -118.59375 39.1863736698534950
35.78125 -118.53125 39.1863736687426254
35.78125 -118.34375 39.1863736648537753
35.78125 -118.28125 39.1863736648535976
35.78125 -118.21875 39.1863736692979288
35.71875 -118.59375 39.2171539194132279
35.71875 -118.53125 39.2171539210786548
35.65625 -118.59375 39.2478886035390389
35.65625 -118.09375 39.2478886018748696
35.59375 -118.34375 39.2785758550788486
35.53125 -118.46875 39.3092174687777742
35.53125 -118.40625 39.3092171031181437
35.53125 -118.34375 39.3092171003494570
41.46875 -122.34375 36.1948768100188758
41.46875 -122.28125 36.1948771453217617
41.46875 -122.21875 36.1948768094168543
41.46875 -122.15625 36.1948771465251653
41.46875 -122.09375 36.1948768046051867
41.46875 -122.03125 36.1948768076124310
41.46875 -121.96875 36.1948768064097308
41.46875 -121.90625 36.1948771447205004
41.46875 -121.84375 36.1948768064096100
41.46875 -121.78125 36.1948771417134267
41.46875 -121.71875 36.1948768052065617
41.46875 -121.65625 36.1948768094166908
41.46875 -121.59375 36.1948771459237264
41.46875 -121.53125 36.1948768034032327
41.46875 -121.21875 36.1948768040039184
41.46875 -121.15625 36.1948771417134836
41.46875 -121.09375 36.1948768040039184
41.46875 -121.03125 36.1948768088152448
41.46875 -120.96875 36.1948771423146951
41.46875 -120.34375 36.1948768052067393
41.46875 -120.28125 36.1948768064093827
41.46875 -120.21875 36.1948768058081143
41.40625 -122.46875 36.2297444655355605
41.40625 -122.40625 36.2297444679382465
41.40625 -122.34375 36.2297441317061555
41.40625 -122.28125 36.2297441305043222
41.40625 -122.21875 36.2297441329077046
41.40625 -122.15625 36.2297441323068981
41.40625 -122.09375 36.2297444691403072
41.40625 -122.03125 36.2297441317064468
41.40625 -121.96875 36.2297441305047840
41.40625 -121.90625 36.2297441305045567
41.40625 -121.84375 36.2297441305043222
41.40625 -121.78125 36.2297444673378521
41.40625 -121.71875 36.2297441299035796
41.40625 -121.28125 36.2297441305046704
41.40625 -121.21875 36.2297441299037501
41.40625 -121.15625 36.2297444679385947
41.40625 -120.96875 36.2297444697412843
41.40625 -120.90625 36.2297441293026594
41.40625 -120.84375 36.2297441311053561
41.40625 -120.78125 36.2297444697410498
41.40625 -120.34375 36.2297444679384171
41.40625 -120.28125 36.2297441305044430
41.40625 -120.21875 36.2297441293029507
41.40625 -120.15625 36.2297444667368183
41.40625 -119.96875 36.2297441317063900
41.34375 -122.46875 36.2645690201951467
41.34375 -122.40625 36.2645690231971329
41.34375 -122.34375 36.2645690231971329
41.34375 -122.28125 36.2645690249971722
41.34375 -122.21875 36.2645683476777165
41.34375 -122.15625 36.2645683482774785
41.34375 -122.09375 36.2645683470774927
41.34375 -122.03125 36.2645683464773825
41.34375 -121.96875 36.2645683458769881
41.34375 -121.90625 36.2645690249969945
41.34375 -121.84375 36.2645683464772688
41.34375 -121.78125 36.2645690207954274
41.34375 -121.71875 36.2645690231971329
41.34375 -121.40625 36.2645690237970086
41.34375 -121.09375 36.2645690225967954
41.34375 -121.03125 36.2645690249969945
41.34375 -120.96875 36.2645690243974670
41.34375 -120.90625 36.2645683452766434
41.34375 -120.84375 36.2645690237968381
41.34375 -120.78125 36.2645690249969945
41.34375 -120.71875 36.2645683488779369
41.34375 -120.65625 36.2645690261978473
41.34375 -120.34375 36.2645690231969056
41.34375 -120.28125 36.2645683476777165
41.34375 -120.21875 36.2645690225960990
41.34375 -120.15625 36.2645690225963904
41.34375 -119.96875 36.2645683494780400
41.28125 -122.46875 36.2993497473692983
41.28125 -122.40625 36.2993494122836680
41.28125 -122.34375 36.2993494146815721
41.28125 -122.28125 36.2993494128825134
41.28125 -122.21875 36.2993494140822648
41.28125 -122.15625 36.2993494134822186
41.28125 -122.09375 36.2993494122830356
41.28125 -122.03125 36.2993494134823891
41.28125 -121.96875 36.2993494122830356
41.28125 -121.90625 36.2993494134825028
41.28125 -121.84375 36.2993497533663643
41.28125 -121.78125 36.2993494116832096
41.28125 -121.71875 36.2993494128827408
41.28125 -121.65625 36.2993494146820908
41.28125 -121.46875 36.2993494110841937
41.28125 -121.40625 36.2993494116839628
41.28125 -121.15625 36.2993494110841937
41.28125 -121.09375 36.2993494128827408
41.28125 -121.03125 36.2993494146819131
41.28125 -120.84375 36.2993494128831387
41.28125 -120.78125 36.2993494128831387
41.28125 -120.71875 36.2993494146815721
41.28125 -120.65625 36.2993494152813909
41.28125 -120.59375 36.2993494146815721
41.28125 -120.28125 36.2993494134823891
41.28125 -120.21875 36.2993494128827408
41.28125 -120.15625 36.2993494110836252
41.28125 -119.96875 36.2993494146815721
41.21875 -122.46875 36.3340872775030093
41.21875 -122.40625 36.3340872804986859
41.21875 -122.34375 36.3340872822954566
41.21875 -122.28125 36.3340872822956840
41.21875 -122.21875 36.3340872828948704
41.21875 -121.96875 36.3340872798997836
41.21875 -121.90625 36.3340872804987995
41.21875 -121.84375 36.3340872810977586
41.21875 -121.78125 36.3340872781027215
41.21875 -121.71875 36.3340872798997196
41.21875 -121.65625 36.3340872816967746
41.21875 -121.34375 36.3340872798996628
41.21875 -121.28125 36.3340872810977018
41.21875 -121.15625 36.3340872793007037
41.21875 -120.84375 36.3340872804988564
41.21875 -120.78125 36.3340872822957976
41.21875 -120.71875 36.3340872810974744
41.21875 -120.65625 36.3340872828948136
41.21875 -120.59375 36.3340872810977018
41.21875 -120.21875 36.3340872798992578
41.21875 -120.15625 36.3340872792999576
41.21875 -119.96875 36.3340872828953891
41.15625 -122.46875 36.3687822556239340
41.15625 -122.40625 36.3687819180880894
41.15625 -122.34375 36.3687822610111695
41.15625 -122.28125 36.3687819192848139
41.15625 -122.21875 36.3687819192852118
41.15625 -122.03125 36.3687819198835456
41.15625 -121.96875 36.3687819192849275
41.15625 -121.90625 36.3687822586169176
41.15625 -121.84375 36.3687819198836593
41.15625 -121.78125 36.3687819186865369
41.15625 -121.71875 36.3687819198835456
41.15625 -121.65625 36.3687822604128925
41.15625 -121.34375 36.3687819192852118
41.15625 -121.28125 36.3687819198835456
41.15625 -121.21875 36.3687819186865369
41.15625 -121.15625 36.3687822586173155
41.15625 -120.90625 36.3687819180884304
41.15625 -120.84375 36.3687822586173155
41.15625 -120.78125 36.3687819216792363
41.15625 -120.71875 36.3687819192852118
41.15625 -120.65625 36.3687819216787744
41.15625 -120.59375 36.3687822598139263
41.15625 -120.53125 36.3687822604123738
41.15625 -120.46875 36.3687822616096739
41.15625 -120.28125 36.3687819198834887
41.15625 -120.21875 36.3687819186865369
41.15625 -120.15625 36.3687822586173155
41.15625 -120.09375 36.3687819174895353
41.09375 -122.46875 36.4034336172935156
41.09375 -122.40625 36.4034336202831383
41.09375 -122.28125 36.4034336190876076
41.09375 -122.21875 36.4034336202838702
41.09375 -122.15625 36.4034336232725764
41.09375 -122.09375 36.4034336202831383
41.09375 -122.03125 36.4034336178916220
41.09375 -121.96875 36.4034336178916220
41.09375 -121.90625 36.4034336196858206
41.09375 -121.84375 36.4034336190876573
41.09375 -121.78125 36.4034339581448450
41.09375 -121.71875 36.4034339581448450
41.09375 -121.65625 36.4034339593408305
41.09375 -121.59375 36.4034336196858206
41.09375 -121.28125 36.4034336184897853
41.09375 -121.15625 36.4034339575470227
41.09375 -121.09375 36.4034336196858206
41.09375 -121.03125 36.4034339623299985
41.09375 -120.96875 36.4034336190876076
41.09375 -120.90625 36.4034336190876076
41.09375 -120.84375 36.4034336196858206
41.09375 -120.78125 36.4034339599385390
41.09375 -120.71875 36.4034336196857709
41.09375 -120.65625 36.4034336232726332
41.09375 -120.59375 36.4034343007898187
41.09375 -120.53125 36.4034336226744131
41.09375 -120.46875 36.4034339605367592
41.09375 -120.40625 36.4034336184895579
41.09375 -120.34375 36.4034336166959207
41.09375 -120.28125 36.4034336202831383
41.09375 -120.21875 36.4034339581451860
41.09375 -120.15625 36.4034336172934019
41.09375 -120.09375 36.4034336160975300
41.09375 -120.03125 36.4034336190876076
41.03125 -122.46875 36.4380413177351201
41.03125 -122.28125 36.4380413243072425
41.03125 -122.21875 36.4380409861206189
41.03125 -122.15625 36.4380413231126212
41.03125 -122.09375 36.4380413225151969
41.03125 -122.03125 36.4380409837314971
41.03125 -121.84375 36.4380409837314971
41.03125 -121.78125 36.4380413213198935
41.03125 -121.71875 36.4380413243072425
41.03125 -121.21875 36.4380413219176020
41.03125 -121.15625 36.4380413219177157
41.03125 -121.09375 36.4380413249048374
41.03125 -121.03125 36.4380413243074130
41.03125 -120.96875 36.4380409837317814
41.03125 -120.90625 36.4380409819395652
41.03125 -120.84375 36.4380413219177726
41.03125 -120.78125 36.4380413243072425
41.03125 -120.71875 36.4380409849261113
41.03125 -120.65625 36.4380413255022617
41.03125 -120.59375 36.4380413243073562
41.03125 -120.53125 36.4380409849265092
41.03125 -120.46875 36.4380416660780568
41.03125 -120.40625 36.4380413237101024
41.03125 -120.34375 36.4380413225149127
41.03125 -120.28125 36.4380409843289144
41.03125 -120.21875 36.4380413225153674
41.03125 -120.15625 36.4380413213202914
41.03125 -120.09375 36.4380413207230944
40.96875 -122.28125 36.4726060112941113
40.96875 -122.03125 36.4726066918957983
40.96875 -121.84375 36.4726060112943316
40.96875 -121.78125 36.4726066883148121
40.96875 -121.46875 36.4726060106975893
40.96875 -121.21875 36.4726060083099384
40.96875 -121.15625 36.4726066895089858
40.96875 -121.09375 36.4726060118909103
40.96875 -121.03125 36.4726066924924837
40.96875 -120.96875 36.4726066918957983
40.96875 -120.90625 36.4726060077131891
40.96875 -120.84375 36.4726060095039912
40.96875 -120.78125 36.4726066918959120
40.96875 -120.71875 36.4726060112939976
40.96875 -120.65625 36.4726066930891761
40.96875 -120.59375 36.4726060118909103
40.96875 -120.46875 36.4726066930892330
40.96875 -120.40625 36.4726060106977030
40.96875 -120.34375 36.4726066918959688
40.96875 -120.28125 36.4726060118909672
40.96875 -120.21875 36.4726060095040978
40.96875 -120.15625 36.4726060083103292
40.96875 -120.09375 36.4726066889117391
40.96875 -120.03125 36.4726060118909103
40.96875 -119.96875 36.4726066924926542
40.90625 -121.84375 36.5071276431781726
40.90625 -121.78125 36.5071276390045156
40.90625 -121.40625 36.5071279808197886
40.90625 -121.34375 36.5071272989779629
40.90625 -121.28125 36.5071276401967069
40.90625 -121.15625 36.5071279790310257
40.90625 -121.09375 36.5071279814160832
40.90625 -121.03125 36.5071279826087789
40.90625 -120.96875 36.5071276413891255
40.90625 -120.90625 36.5071272995744209
40.90625 -120.84375 36.5071276396005260
40.90625 -120.78125 36.5071279826086652
40.90625 -120.71875 36.5071273001699268
40.90625 -120.65625 36.5071276425819349
40.90625 -120.46875 36.5071279843978260
40.90625 -120.40625 36.5071276413891823
40.90625 -120.34375 36.5071276396008670
40.90625 -120.09375 36.5071276390046862
40.90625 -120.03125 36.5071276419857540
40.90625 -119.96875 36.5071279838010838
40.84375 -121.84375 36.5416054874822365
40.84375 -121.78125 36.5416054850994314
40.84375 -121.71875 36.5416054862910613
40.84375 -121.65625 36.5416054874822365
40.84375 -121.59375 36.5416054874826273
40.84375 -121.40625 36.5416054862910613
40.84375 -121.34375 36.5416054856953281
40.84375 -121.28125 36.5416051441548291
40.84375 -121.21875 36.5416054862907203
40.84375 -121.15625 36.5416058272353155
40.84375 -121.09375 36.5416054874820730
40.84375 -121.03125 36.5416054886734756
40.84375 -120.96875 36.5416054874822365
40.84375 -120.90625 36.5416051447509531
40.84375 -120.84375 36.5416054862910613
40.84375 -120.78125 36.5416058284268388
40.84375 -120.71875 36.5416054874822365
40.84375 -120.65625 36.5416054880783037
40.84375 -120.59375 36.5416054880779697
40.84375 -120.53125 36.5416054868865672
40.84375 -120.46875 36.5416054868865672
40.84375 -120.40625 36.5416054862910045
40.84375 -120.34375 36.5416054862910045
40.84375 -120.09375 36.5416054862910613
40.84375 -120.03125 36.5416054874822365
40.84375 -119.96875 36.5416054868865672
40.78125 -121.84375 36.5760395119666271
40.78125 -121.78125 36.5760398526371162
40.78125 -121.71875 36.5760398514466658
40.78125 -121.65625 36.5760395137515815
40.78125 -121.59375 36.5760395125617421
40.78125 -121.53125 36.5760395113712917
40.78125 -121.40625 36.5760395107766243
40.78125 -121.34375 36.5760395113708441
40.78125 -121.28125 36.5760395107758995
40.78125 -121.21875 36.5760395119666271
40.78125 -121.15625 36.5760398502566630
40.78125 -121.09375 36.5760395113712349
40.78125 -121.03125 36.5760398532321247
40.78125 -120.96875 36.5760398532320679
40.78125 -120.90625 36.5760395101812890
40.78125 -120.84375 36.5760398532322313
40.78125 -120.78125 36.5760398550172923
40.78125 -120.71875 36.5760398526371731
40.78125 -120.65625 36.5760398556127981
40.78125 -120.59375 36.5760398556126844
40.78125 -120.53125 36.5760395119666271
40.78125 -120.46875 36.5760398556127981
40.78125 -120.40625 36.5760395119661865
40.78125 -120.34375 36.5760398526371162
40.78125 -120.28125 36.5760395113708441
40.78125 -120.21875 36.5760398520417809
40.78125 -120.15625 36.5760395119663499
40.78125 -120.09375 36.5760398502566630
40.78125 -120.03125 36.5760395125617421
40.78125 -119.96875 36.5760398550179104
40.71875 -121.84375 36.6104303532552180
40.71875 -121.78125 36.6104303520665582
40.71875 -121.71875 36.6104303526608916
40.71875 -121.65625 36.6104303550388863
40.71875 -121.59375 36.6104303544447731
40.71875 -121.53125 36.6104303520662242
40.71875 -121.46875 36.6104296688929196
40.71875 -121.40625 36.6104303508777846
40.71875 -121.34375 36.6104303514722247
40.71875 -121.28125 36.6104303526607779
40.71875 -121.21875 36.6104303508770030
40.71875 -121.15625 36.6104310340513024
40.71875 -121.09375 36.6104303520665582
40.71875 -121.03125 36.6104303556335537
40.71875 -120.96875 36.6104303544442189
40.71875 -120.90625 36.6104296677042527
40.71875 -120.84375 36.6104303526616732
40.71875 -120.78125 36.6104303562285551
40.71875 -120.71875 36.6104303550391066
40.71875 -120.65625 36.6104303568231089
40.71875 -120.59375 36.6104303568231089
40.71875 -120.53125 36.6104303544447802
40.71875 -120.46875 36.6104303562287754
40.71875 -120.40625 36.6104303532554454
40.71875 -120.34375 36.6104303508770030
40.71875 -120.28125 36.6104303526609982
40.71875 -120.21875 36.6104303520667784
40.71875 -120.15625 36.6104303496882224
40.71875 -120.09375 36.6104303508777846
40.71875 -120.03125 36.6104303550391066
40.71875 -119.96875 36.6104303580124437
40.65625 -121.78125 36.6447776355311206
40.65625 -121.71875 36.6447776361248359
40.65625 -121.65625 36.6447776390943218
40.65625 -121.59375 36.6447783217204019
40.65625 -121.53125 36.6447776355309500
40.65625 -121.46875 36.6447776355309500
40.65625 -121.40625 36.6447783199396895
40.65625 -121.34375 36.6447776349368439
40.65625 -121.28125 36.6447776361248359
40.65625 -121.21875 36.6447783187512997
40.65625 -121.15625 36.6447783193454129
40.65625 -121.09375 36.6447776355311206
40.65625 -121.03125 36.6447783205335753
40.65625 -120.96875 36.6447776379067776
40.65625 -120.90625 36.6447776349368439
40.65625 -120.84375 36.6447776361250064
40.65625 -120.78125 36.6447783211269567
40.65625 -120.71875 36.6447783199396895
40.65625 -120.65625 36.6447776379067776
40.65625 -120.59375 36.6447783223155099
40.65625 -120.53125 36.6447776373133891
40.65625 -120.46875 36.6447783229087847
40.65625 -120.40625 36.6447776373125578
40.65625 -120.34375 36.6447776361252266
40.65625 -120.21875 36.6447776355311206
40.65625 -120.15625 36.6447776355309500
40.65625 -120.09375 36.6447783187512997
40.65625 -120.03125 36.6447776361252266
40.59375 -121.78125 36.6790813120218289
40.59375 -121.71875 36.6790813149884869
40.59375 -121.65625 36.6790813149883732
40.59375 -121.59375 36.6790813167689791
40.59375 -121.53125 36.6790813149884869
40.59375 -121.46875 36.6790809727611844
40.59375 -121.40625 36.6790813149884869
40.59375 -121.34375 36.6790813143949279
40.59375 -121.28125 36.6790813138017100
40.59375 -121.21875 36.6790813149884869
40.59375 -121.15625 36.6790816566222801
40.59375 -121.09375 36.6790813149884301
40.59375 -121.03125 36.6790813167689791
40.59375 -120.96875 36.6790813155818753
40.59375 -120.90625 36.6790813126151036
40.59375 -120.84375 36.6790813143950984
40.59375 -120.78125 36.6790816584028789
40.59375 -120.71875 36.6790813155818753
40.59375 -120.65625 36.6790816595895919
40.59375 -120.59375 36.6790813161756972
40.59375 -120.53125 36.6790813155818753
40.59375 -120.46875 36.6790813167691994
40.59375 -120.09375 36.6790816542492237
40.59375 -120.03125 36.6790813143952121
40.53125 -121.65625 36.7133413478380675
40.53125 -121.59375 36.7133413460592450
40.53125 -121.53125 36.7133413436874108
40.53125 -121.46875 36.7133413448734629
40.53125 -121.40625 36.7133416856415877
40.53125 -121.34375 36.7133416850489169
40.53125 -121.28125 36.7133413430951308
40.53125 -121.21875 36.7133413425019697
40.53125 -121.15625 36.7133416850489169
40.53125 -121.09375 36.7133416862347559
40.53125 -121.03125 36.7133416886059720
40.53125 -120.96875 36.7133413466526264
40.53125 -120.90625 36.7133410011406767
40.53125 -120.84375 36.7133416874201970
40.53125 -120.78125 36.7133416862343580
40.53125 -120.71875 36.7133413454666240
40.53125 -120.65625 36.7133413472450130
40.53125 -120.59375 36.7133416886062491
40.53125 -120.53125 36.7133416897922444
40.53125 -119.96875 36.7133416909776287
40.46875 -121.71875 36.7475576944385480
40.46875 -121.65625 36.7475576974001754
40.46875 -121.59375 36.7475576950302170
40.46875 -121.53125 36.7475576932531567
40.46875 -121.46875 36.7475576926608767
40.46875 -121.40625 36.7475576944379938
40.46875 -121.34375 36.7475576932532633
40.46875 -121.28125 36.7475576938458275
40.46875 -121.21875 36.7475576908836459
40.46875 -121.15625 36.7475576902915293
40.46875 -121.09375 36.7475576944383846
40.46875 -121.03125 36.7475576962145070
40.46875 -120.96875 36.7475576932531567
40.46875 -120.90625 36.7475576914762030
40.46875 -120.84375 36.7475576926610401
40.46875 -120.78125 36.7475576950302170
40.46875 -120.71875 36.7475576956219996
40.46875 -120.65625 36.7475576985845080
40.46875 -120.59375 36.7475576968079523
40.46875 -120.53125 36.7475576968079523
40.46875 -120.34375 36.7475576920684261
40.46875 -120.03125 36.7475576932530998
40.46875 -119.96875 36.7475576944377735
40.40625 -121.71875 36.7817303133659976
40.40625 -121.65625 36.7817303151411323
40.40625 -121.59375 36.7817303145495131
40.40625 -121.53125 36.7817303139573966
40.40625 -121.46875 36.7817303127743216
40.40625 -121.40625 36.7817303127744282
40.40625 -121.34375 36.7817303133660545
40.40625 -121.28125 36.7817303133660545
40.40625 -121.21875 36.7817303127744282
40.40625 -121.15625 36.7817303133661113
40.40625 -121.09375 36.7817303133660545
40.40625 -121.03125 36.7817303151412460
40.40625 -120.96875 36.7817303151413597
40.40625 -120.90625 36.7817303127743216
40.40625 -120.84375 36.7817303133660545
40.40625 -120.78125 36.7817303145494563
40.40625 -120.71875 36.7817303139577305
40.40625 -120.15625 36.7817303109994640
40.40625 -120.09375 36.7817303121825390
40.40625 -120.03125 36.7817303133660545
40.40625 -119.96875 36.7817310015117087
40.34375 -121.71875 36.8158595114318246
40.34375 -121.65625 36.8158595137972142
40.34375 -121.59375 36.8158595132054813
40.34375 -121.53125 36.8158591667456605
40.34375 -121.46875 36.8158591667462005
40.34375 -121.40625 36.8158595108405251
40.34375 -121.34375 36.8158591661549650
40.34375 -121.28125 36.8158591667462005
40.34375 -121.21875 36.8158595102492967
40.34375 -121.15625 36.8158595096583809
40.34375 -121.09375 36.8158591702934643
40.34375 -121.03125 36.8158595120232235
40.34375 -120.96875 36.8158595108411362
40.34375 -120.90625 36.8158591661549082
40.34375 -120.84375 36.8158591673370594
40.34375 -120.78125 36.8158595114318246
40.34375 -120.71875 36.8158595114318246
40.34375 -120.65625 36.8158591697020086
40.34375 -120.59375 36.8158595126146793
40.34375 -120.15625 36.8158595096584378
40.34375 -120.09375 36.8158591655629124
40.34375 -120.03125 36.8158588250163206
40.28125 -121.65625 36.8499442113679692
40.28125 -121.59375 36.8499442095962806
40.28125 -121.53125 36.8499442113680260
40.28125 -121.46875 36.8499442084152307
40.28125 -121.40625 36.8499442101870258
40.28125 -121.34375 36.8499442095962806
40.28125 -121.28125 36.8499442095962806
40.28125 -121.21875 36.8499442084152307
40.28125 -121.15625 36.8499448960582185
40.28125 -121.09375 36.8499442084152307
40.28125 -121.03125 36.8499442125490830
40.28125 -120.96875 36.8499442107772310
40.28125 -120.90625 36.8499442084152307
40.28125 -120.84375 36.8499442095962806
40.28125 -120.78125 36.8499442113680260
40.28125 -120.71875 36.8499442119585012
40.28125 -120.65625 36.8499442149127105
40.28125 -120.59375 36.8499442107782045
40.28125 -120.53125 36.8499442125498433
40.21875 -121.65625 36.8839854111105510
40.21875 -121.59375 36.8839854087495382
40.21875 -121.53125 36.8839854093395161
40.21875 -121.46875 36.8839854099299274
40.21875 -121.40625 36.8839854087494174
40.21875 -121.34375 36.8839854093398358
40.21875 -121.28125 36.8839854093395161
40.21875 -121.21875 36.8839854093398358
40.21875 -121.15625 36.8839857511180469
40.21875 -121.09375 36.8839854087494246
40.21875 -121.03125 36.8839854099299274
40.21875 -120.96875 36.8839857540690517
40.21875 -120.90625 36.8839854075693481
40.21875 -120.84375 36.8839854087496519
40.21875 -120.78125 36.8839854099300481
40.21875 -120.71875 36.8839854081591767
40.21875 -120.65625 36.8839854117009125
40.21875 -120.59375 36.8839857540690517
40.21875 -120.53125 36.8839854099299274
40.21875 -120.46875 36.8839857540690517
40.15625 -121.53125 36.9179830618990508
40.15625 -121.46875 36.9179827174427331
40.15625 -121.40625 36.9179830607195214
40.15625 -121.34375 36.9179830601293730
40.15625 -121.28125 36.9179830607189743
40.15625 -121.21875 36.9179830589504974
40.15625 -121.15625 36.9179834028174909
40.15625 -121.09375 36.9179830624886520
40.15625 -121.03125 36.9179830624881617
40.15625 -120.96875 36.9179830636674779
40.15625 -120.90625 36.9179823718071489
40.15625 -120.84375 36.9179830607195214
40.15625 -120.78125 36.9179830630779264
40.15625 -120.71875 36.9179830613094495
40.15625 -120.65625 36.9179830642575695
40.15625 -120.59375 36.9179830642570295
40.15625 -120.53125 36.9179830624884389
40.15625 -120.46875 36.9179830618987239
40.15625 -120.40625 36.9179830630780401
40.15625 -120.34375 36.9179830630783101
40.09375 -121.59375 36.9519367873141675
40.09375 -121.53125 36.9519367843684279
40.09375 -121.46875 36.9519360965899182
40.09375 -121.40625 36.9519367867246729
40.09375 -121.34375 36.9519367861365851
40.09375 -121.28125 36.9519367849573825
40.09375 -121.21875 36.9519360954119094
40.09375 -121.15625 36.9519367837797006
40.09375 -121.09375 36.9519367855467138
40.09375 -121.03125 36.9519367890815644
40.09375 -120.96875 36.9519367873142741
40.09375 -120.90625 36.9519367843690247
40.09375 -120.84375 36.9519367855460104
40.09375 -120.78125 36.9519367884925032
40.09375 -120.71875 36.9519367896702988
40.09375 -120.65625 36.9519367908483147
40.09375 -120.59375 36.9519367879033354
40.09375 -120.53125 36.9519360995347910
40.09375 -120.46875 36.9519367890815076
40.09375 -120.40625 36.9519360971790860
40.09375 -120.34375 36.9519367861359385
40.09375 -120.28125 36.9519360977680407
40.09375 -120.21875 36.9519367861359385
40.03125 -121.59375 36.9858455094392156
40.03125 -121.53125 36.9858461984404840
40.03125 -121.46875 36.9858455070848677
40.03125 -121.40625 36.9858461990292682
40.03125 -121.34375 36.9858461984404840
40.03125 -121.28125 36.9858461972639816
40.03125 -121.15625 36.9858461972638679
40.03125 -121.09375 36.9858455088511775
40.03125 -121.03125 36.9858461960868823
40.03125 -120.96875 36.9858461984405835
40.03125 -120.90625 36.9858455064963465
40.03125 -120.84375 36.9858461972637116
40.03125 -120.78125 36.9858462002059269
40.03125 -120.71875 36.9858461990292682
40.03125 -120.65625 36.9858462019724072
40.03125 -120.59375 36.9858462013841063
40.03125 -120.53125 36.9858455094385690
40.03125 -120.46875 36.9858462002068507
40.03125 -120.40625 36.9858455076730053
40.03125 -120.34375 36.9858455094391587
40.03125 -120.28125 36.9858455082617468
40.03125 -120.21875 36.9858461990297513
40.03125 -120.15625 36.9858461954984676
40.03125 -120.03125 36.9858455064963465
40.03125 -119.96875 36.9858461996174128
39.96875 -121.53125 37.0197109086405547
39.96875 -121.46875 37.0197109080523035
39.96875 -121.40625 37.0197109092289125
39.96875 -121.34375 37.0197109086405547
39.96875 -121.28125 37.0197109098161974
39.96875 -121.21875 37.0197109051126674
39.96875 -121.15625 37.0197109068767674
39.96875 -121.09375 37.0197109098164105
39.96875 -121.03125 37.0197109104039654
39.96875 -120.96875 37.0197109109923232
39.96875 -120.90625 37.0197109057006486
39.96875 -120.84375 37.0197109086402349
39.96875 -120.78125 37.0197109092285928
39.96875 -120.71875 37.0197109086405547
39.96875 -120.65625 37.0197109104041786
39.96875 -120.59375 37.0197109104041786
39.96875 -120.53125 37.0197109109920532
39.96875 -120.46875 37.0197109098166806
39.96875 -120.40625 37.0197109074644288
39.96875 -120.34375 37.0197109062884664
39.96875 -120.28125 37.0197109080524172
39.96875 -120.21875 37.0197109080526801
39.96875 -120.15625 37.0197115976872979
39.96875 -120.09375 37.0197109068765613
39.90625 -121.46875 37.0535319093582913
39.90625 -121.40625 37.0535326025627612
39.90625 -121.28125 37.0535322591918828
39.90625 -121.21875 37.0535325990382489
39.90625 -121.15625 37.0535325990384052
39.90625 -121.09375 37.0535322597799137
39.90625 -121.03125 37.0535326037375441
39.90625 -120.96875 37.0535326043253619
39.90625 -120.90625 37.0535325990385189
39.90625 -120.84375 37.0535326019751494
39.90625 -120.78125 37.0535326031502592
39.90625 -120.71875 37.0535322562544920
39.90625 -120.65625 37.0535326055009548
39.90625 -120.59375 37.0535326055011183
39.90625 -120.53125 37.0535326066759012
39.90625 -120.46875 37.0535322580165030
39.90625 -120.40625 37.0535322574293815
39.90625 -120.34375 37.0535326013878148
39.90625 -120.28125 37.0535322562544920
39.90625 -120.21875 37.0535326013878148
39.90625 -120.15625 37.0535326008009065
39.90625 -120.09375 37.0535326008003665
39.90625 -120.03125 37.0535322591919325
39.90625 -119.96875 37.0535326055005214
39.84375 -121.34375 37.0873095196084819
39.84375 -121.28125 37.0873095213696331
39.84375 -121.21875 37.0873095184351413
39.84375 -121.15625 37.0873102134416968
39.84375 -121.09375 37.0873095237179129
39.84375 -121.03125 37.0873098703410164
39.84375 -120.96875 37.0873098691667664
39.84375 -120.90625 37.0873095213693205
39.84375 -120.84375 37.0873098679926230
39.84375 -120.78125 37.0873098685796521
39.84375 -120.71875 37.0873095243041888
39.84375 -120.65625 37.0873095248918361
39.84375 -120.59375 37.0873098709278182
39.84375 -120.53125 37.0873095231305783
39.84375 -120.46875 37.0873098703410164
39.84375 -120.40625 37.0873095219569677
39.84375 -120.34375 37.0873098685800144
39.84375 -120.28125 37.0873095231305783
39.84375 -120.21875 37.0873098691666669
39.84375 -120.15625 37.0873098662315783
39.84375 -120.09375 37.0873095196084819
39.84375 -120.03125 37.0873098668184866
39.84375 -119.96875 37.0873095248909408
39.78125 -121.34375 37.1210429941639148
39.78125 -121.28125 37.1210429941636022
39.78125 -121.21875 37.1210429941638083
39.78125 -121.15625 37.1210429947502902
39.78125 -121.09375 37.1210429959233679
39.78125 -121.03125 37.1210429976825580
39.78125 -120.96875 37.1210429953367225
39.78125 -120.90625 37.1210423014619408
39.78125 -120.84375 37.1210429941638083
39.78125 -120.78125 37.1210433416874395
39.78125 -120.71875 37.1210426495724377
39.78125 -120.65625 37.1210429994415279
39.78125 -120.59375 37.1210429982686634
39.78125 -120.53125 37.1210426501590760
39.78125 -120.46875 37.1210429970961258
39.78125 -120.40625 37.1210429947502405
39.78125 -120.34375 37.1210429953367225
39.78125 -120.28125 37.1210426507449824
39.78125 -120.21875 37.1210429941638083
39.78125 -120.15625 37.1210429947502902
39.78125 -120.09375 37.1210426460534748
39.78125 -120.03125 37.1210429947502902
39.78125 -119.96875 37.1210429976826646
39.71875 -121.21875 37.1547316046506353
39.71875 -121.15625 37.1547322985666852
39.71875 -121.09375 37.1547323026672274
39.71875 -121.03125 37.1547323044255080
39.71875 -120.96875 37.1547323026680800
39.71875 -120.90625 37.1547316058224339
39.71875 -120.84375 37.1547316093372473
39.71875 -120.78125 37.1547323032531267
39.71875 -120.71875 37.1547316081653918
39.71875 -120.65625 37.1547323055970438
39.71875 -120.59375 37.1547323044255080
39.71875 -120.53125 37.1547323038398787
39.71875 -120.46875 37.1547323050114073
39.71875 -120.40625 37.1547323009101689
39.71875 -120.34375 37.1547316058224339
39.71875 -120.28125 37.1547316081654486
39.71875 -120.21875 37.1547323009096928
39.71875 -120.15625 37.1547316069936500
39.71875 -120.09375 37.1547322985666781
39.71875 -120.03125 37.1547316099239850
39.71875 -119.96875 37.1547323050116134
39.65625 -121.21875 37.1883763544653050
39.65625 -121.15625 37.1883767002745884
39.65625 -121.09375 37.1883767037864814
39.65625 -121.03125 37.1883763573924710
39.65625 -120.96875 37.1883767037864814
39.65625 -120.90625 37.1883763538805781
39.65625 -120.84375 37.1883767026162744
39.65625 -120.78125 37.1883767032012216
39.65625 -120.71875 37.1883763562223137
39.65625 -120.65625 37.1883763603194168
39.65625 -120.59375 37.1883763573924710
39.65625 -120.53125 37.1883767026156917
39.65625 -120.46875 37.1883770536923421
39.65625 -120.40625 37.1883763544659445
39.65625 -120.34375 37.1883767014449589
39.65625 -120.28125 37.1883763573923076
39.65625 -120.21875 37.1883767014453284
39.65625 -120.15625 37.1883767002743255
39.65625 -120.09375 37.1883767014445326
39.65625 -120.03125 37.1883767037867514
39.65625 -119.96875 37.1883763585637865
39.59375 -121.09375 37.2219768533856552
39.59375 -121.03125 37.2219772006786513
39.59375 -120.96875 37.2219768545554928
39.59375 -120.90625 37.2219768522161303
39.59375 -120.84375 37.2219768522159242
39.59375 -120.78125 37.2219772018481763
39.59375 -120.71875 37.2219768539708085
39.59375 -120.65625 37.2219768551402836
39.59375 -120.59375 37.2219772018481763
39.59375 -120.53125 37.2219768533859678
39.59375 -120.46875 37.2219772024326474
39.59375 -120.40625 37.2219768539706521
39.59375 -120.34375 37.2219768516312399
39.59375 -120.28125 37.2219768539706521
39.59375 -120.21875 37.2219771983388767
39.59375 -120.15625 37.2219771983391396
39.59375 -120.09375 37.2219768516311902
39.59375 -120.03125 37.2219768522160805
39.59375 -119.96875 37.2219772030174880
39.53125 -120.96875 37.2555337539199556
39.53125 -120.90625 37.2555330552021147
39.53125 -120.84375 37.2555330575395800
39.53125 -120.78125 37.2555337533355910
39.53125 -120.71875 37.2555337527512265
39.53125 -120.65625 37.2555337568411531
39.53125 -120.59375 37.2555337574252547
39.53125 -120.53125 37.2555337545044267
39.53125 -120.46875 37.2555330616296700
39.53125 -120.40625 37.2555330575393668
39.53125 -120.34375 37.2555330587084157
39.53125 -120.28125 37.2555330592927305
39.53125 -120.21875 37.2555337527515391
39.53125 -120.15625 37.2555330569558478
39.53125 -120.09375 37.2555337504141875
39.53125 -120.03125 37.2555330581234685
39.53125 -119.96875 37.2555337556730564
39.46875 -120.96875 37.2890456358222906
39.46875 -120.90625 37.2890452820657003
39.46875 -120.84375 37.2890456329027202
39.46875 -120.78125 37.2890452844007996
39.46875 -120.71875 37.2890452849849012
39.46875 -120.65625 37.2890452867356927
39.46875 -120.59375 37.2890452879033774
39.46875 -120.53125 37.2890449411525040
39.46875 -120.46875 37.2890456340706109
39.46875 -120.40625 37.2890456334868787
39.46875 -120.34375 37.2890452838169040
39.46875 -120.28125 37.2890449382337223
39.46875 -120.21875 37.2890452849849012
39.46875 -120.15625 37.2890456294003556
39.46875 -120.09375 37.2890452832336976
39.46875 -120.03125 37.2890452855684273
39.46875 -119.96875 37.2890456346543999
39.40625 -120.96875 37.3225124428065129
39.40625 -120.90625 37.3225117428450801
39.40625 -120.84375 37.3225124422233492
39.40625 -120.78125 37.3225124416402920
39.40625 -120.71875 37.3225124422230365
39.40625 -120.65625 37.3225124422232994
39.40625 -120.59375 37.3225124439732028
39.40625 -120.53125 37.3225124439726201
39.40625 -120.46875 37.3225124428065129
39.40625 -120.40625 37.3225124428067758
39.40625 -120.34375 37.3225124404732469
39.40625 -120.28125 37.3225124416398728
39.40625 -120.21875 37.3225124410571354
39.40625 -120.15625 37.3225124404736093
39.40625 -120.09375 37.3225124398905024
39.40625 -120.03125 37.3225124416398728
39.40625 -119.96875 37.3225124428065627
39.34375 -120.84375 37.3559355337772985
39.34375 -120.78125 37.3559362326109010
39.34375 -120.71875 37.3559362314449430
39.34375 -120.65625 37.3559355366911134
39.34375 -120.59375 37.3559355355255249
39.34375 -120.53125 37.3559355366909003
39.34375 -120.46875 37.3559362337760206
39.34375 -120.40625 37.3559362314450496
39.34375 -120.34375 37.3559355343599861
39.34375 -120.28125 37.3559362326106381
39.34375 -120.21875 37.3559362296965602
39.34375 -120.15625 37.3559362314449430
39.34375 -120.09375 37.3559362296969297
39.34375 -120.03125 37.3559362320277444
39.34375 -119.96875 37.3559362331932263
39.28125 -120.90625 37.3893148754259457
39.28125 -120.84375 37.3893148795020736
39.28125 -120.78125 37.3893148806663049
39.28125 -120.71875 37.3893148812485805
39.28125 -120.65625 37.3893145335590376
39.28125 -120.59375 37.3893148800840862
39.28125 -120.53125 37.3893145318127864
39.28125 -120.46875 37.3893148806662055
39.28125 -120.40625 37.3893148789196914
39.28125 -120.34375 37.3893145283191330
39.28125 -120.28125 37.3893145323945930
39.28125 -120.21875 37.3893148795020238
39.28125 -120.15625 37.3893148783375722
39.28125 -120.09375 37.3893148771733905
39.28125 -120.03125 37.3893145306479227
39.28125 -119.96875 37.3893148818305434
39.21875 -120.78125 37.4226483365091482
39.21875 -120.71875 37.4226483341815523
39.21875 -120.65625 37.4226483353452721
39.21875 -120.59375 37.4226490348380167
39.21875 -120.53125 37.4226483370907417
39.21875 -120.46875 37.4226490360017863
39.21875 -120.40625 37.4226483324368076
39.21875 -120.34375 37.4226483324368573
39.21875 -120.28125 37.4226483341815523
39.21875 -120.21875 37.4226483330186639
39.21875 -120.15625 37.4226490325115648
39.21875 -120.09375 37.4226483330189197
39.21875 -120.03125 37.4226483359265600
39.21875 -119.96875 37.4226490342564162
39.15625 -120.78125 37.4559386610753364
39.15625 -120.71875 37.4559379609618404
39.15625 -120.65625 37.4559386622381751
39.15625 -120.59375 37.4559386616565249
39.15625 -120.53125 37.4559379650297402
39.15625 -120.46875 37.4559386639816836
39.15625 -120.40625 37.4559386604939419
39.15625 -120.34375 37.4559379609616414
39.15625 -120.28125 37.4559379615427233
39.15625 -120.21875 37.4559386604939419
39.15625 -120.15625 37.4559379609616414
39.15625 -120.09375 37.4559379592180832
39.15625 -120.03125 37.4559386604939419
39.15625 -119.96875 37.4559386628184328
39.09375 -120.65625 37.4891830170048550
39.09375 -120.59375 37.4891833685335882
39.09375 -120.53125 37.4891830193273350
39.09375 -120.46875 37.4891833691134408
39.09375 -120.40625 37.4891830146824816
39.09375 -120.34375 37.4891830170046489
39.09375 -120.28125 37.4891830164243416
39.09375 -120.21875 37.4891833673711687
39.09375 -120.15625 37.4891833633065730
39.09375 -120.09375 37.4891833638874488
39.09375 -120.03125 37.4891830158440271
39.09375 -119.96875 37.4891833691135403
39.03125 -120.59375 37.5223834682058666
39.03125 -120.53125 37.5223834682063782
39.03125 -120.46875 37.5223841666561597
39.03125 -120.40625 37.5223834641450154
39.03125 -120.34375 37.5223834664658540
39.03125 -120.28125 37.5223834629842941
39.03125 -120.21875 37.5223841654958434
39.03125 -120.15625 37.5223834624041857
39.03125 -120.09375 37.5223834612438694
39.03125 -120.03125 37.5223834635641893
39.03125 -119.96875 37.5223834676260637
38.96875 -120.59375 37.5555399650031632
38.96875 -120.53125 37.5555392647731168
38.96875 -120.46875 37.5555392659324596
38.96875 -120.40625 37.5555392636140297
38.96875 -120.34375 37.5555392624549427
38.96875 -120.28125 37.5555392647732162
38.96875 -120.21875 37.5555392624546869
38.96875 -120.15625 37.5555392601360580
38.96875 -120.09375 37.5555392612952446
38.96875 -120.03125 37.5555392618747845
38.96875 -119.96875 37.5555392647729676
38.96875 -119.90625 37.5555392636141292
38.90625 -120.65625 37.5886510780465386
38.90625 -120.59375 37.5886510780465386
38.90625 -120.53125 37.5886503760396877
38.90625 -120.46875 37.5886510763094890
38.90625 -120.40625 37.5886510763093895
38.90625 -120.34375 37.5886503725655459
38.90625 -120.28125 37.5886503754603467
38.90625 -120.21875 37.5886510745715725
38.90625 -120.15625 37.5886510745715725
38.90625 -120.09375 37.5886503743022331
38.90625 -120.03125 37.5886510757297927
38.90625 -119.96875 37.5886510780468939
38.90625 -119.90625 37.5886503760397872
38.90625 -119.84375 37.5886510751509135
38.84375 -120.59375 37.6217171095834786
38.84375 -120.53125 37.6217167597187654
38.84375 -120.46875 37.6217167585611065
38.84375 -120.40625 37.6217167585608507
38.84375 -120.34375 37.6217167562472667
38.84375 -120.28125 37.6217167556687428
38.84375 -120.21875 37.6217171061122357
38.84375 -120.15625 37.6217167562471673
38.84375 -120.09375 37.6217171066911220
38.84375 -120.03125 37.6217167579831937
38.84375 -119.96875 37.6217171101620593
38.84375 -119.90625 37.6217167579829379
38.84375 -119.84375 37.6217167579832932
38.78125 -120.46875 37.6547383787114143
38.78125 -120.40625 37.6547383781333949
38.78125 -120.34375 37.6547383781333949
38.78125 -120.28125 37.6547383787114640
38.78125 -120.21875 37.6547383769770576
38.78125 -120.15625 37.6547383781333949
38.78125 -120.09375 37.6547383746649942
38.78125 -120.03125 37.6547383781333949
38.78125 -119.96875 37.6547383798680073
38.78125 -119.90625 37.6547383781333949
38.78125 -119.84375 37.6547383787114640
38.78125 -119.71875 37.6547383775553826
38.78125 -119.65625 37.6547383787114640
38.71875 -120.46875 37.6877155429114126
38.71875 -120.40625 37.6877155411785267
38.71875 -120.34375 37.6877155406008626
38.71875 -120.28125 37.6877151901181691
38.71875 -120.21875 37.6877155406007631
38.71875 -120.15625 37.6877155394456409
38.71875 -120.09375 37.6877155388678773
38.71875 -120.03125 37.6877155406008626
38.71875 -119.96875 37.6877155440658242
38.71875 -119.90625 37.6877155417559848
38.71875 -119.84375 37.6877155411783207
38.71875 -119.78125 37.6877155400229995
38.71875 -119.71875 37.6877155411782212
38.71875 -119.65625 37.6877155406005571
38.71875 -119.59375 37.6877155423335495
38.65625 -120.46875 37.7206475093193703
38.65625 -120.40625 37.7206475070105895
38.65625 -120.34375 37.7206475058560216
38.65625 -120.28125 37.7206471556417142
38.65625 -120.21875 37.7206475064333802
38.65625 -120.15625 37.7206475058565758
38.65625 -120.09375 37.7206471539107895
38.65625 -120.03125 37.7206471539107469
38.65625 -119.96875 37.7206475098960752
38.65625 -119.90625 37.7206471573738398
38.65625 -119.84375 37.7206475075880476
38.65625 -119.78125 37.7206475075881045
38.65625 -119.71875 37.7206475064334299
38.65625 -119.65625 37.7206475093193703
38.65625 -119.59375 37.7206475070107388
38.65625 -119.53125 37.7206475070109448
38.59375 -120.46875 37.7535349426219966
38.59375 -120.40625 37.7535342369636382
38.59375 -120.34375 37.7535342363867272
38.59375 -120.28125 37.7535342352341274
38.59375 -120.21875 37.7535349391622717
38.59375 -120.15625 37.7535349391623711
38.59375 -120.09375 37.7535349391620727
38.59375 -120.03125 37.7535342381171972
38.59375 -119.96875 37.7535349443519621
38.59375 -119.90625 37.7535349403153830
38.59375 -119.84375 37.7535342358108821
38.59375 -119.78125 37.7535349391622219
38.59375 -119.71875 37.7535349403154328
38.59375 -119.65625 37.7535342375402365
38.59375 -119.59375 37.7535342375399878
38.59375 -119.53125 37.7535349414687929
38.59375 -119.40625 37.7535349414687431
38.53125 -120.46875 37.7863771077648423
38.53125 -120.40625 37.7863763980389606
38.53125 -120.34375 37.7863763974630089
38.53125 -120.28125 37.7863763991911625
38.53125 -120.21875 37.7863771037323204
38.53125 -120.15625 37.7863763974625542
38.53125 -120.09375 37.7863771014276040
38.53125 -120.03125 37.7863764003428244
38.53125 -119.96875 37.7863764014953318
38.53125 -119.90625 37.7863763997669224
38.53125 -119.84375 37.7863763986145571
38.53125 -119.78125 37.7863771054602822
38.53125 -119.71875 37.7863771031561200
38.53125 -119.65625 37.7863764032238407
38.53125 -119.59375 37.7863771054606801
38.53125 -119.53125 37.7863771048842736
38.53125 -119.40625 37.7863771054611277
38.53125 -119.34375 37.7863771066128322
38.53125 -119.28125 37.7863764009190319
38.46875 -120.40625 37.8191735976103232
38.46875 -120.34375 37.8191735981860759
38.46875 -120.28125 37.8191735987615303
38.46875 -120.21875 37.8191743044908435
38.46875 -120.15625 37.8191735993373825
38.46875 -120.09375 37.8191735964594145
38.46875 -120.03125 37.8191743044909430
38.46875 -119.96875 37.8191735993374820
38.46875 -119.90625 37.8191735993372333
38.46875 -119.84375 37.8191735964594145
38.46875 -119.78125 37.8191743027645373
38.46875 -119.71875 37.8191735993374820
38.46875 -119.65625 37.8191735993374820
38.46875 -119.59375 37.8191743039154886
38.46875 -119.53125 37.8191743039154957
38.46875 -119.46875 37.8191735993372333
38.46875 -119.40625 37.8191743044911988
38.46875 -119.34375 37.8191735976105718
38.46875 -119.28125 37.8191735987615303
38.46875 -119.21875 37.8191735964594642
38.40625 -120.34375 37.8519257921028753
38.40625 -120.28125 37.8519257932528888
38.40625 -120.21875 37.8519257926777826
38.40625 -120.15625 37.8519257909524640
38.40625 -120.09375 37.8519257903773649
38.40625 -120.03125 37.8519257926778323
38.40625 -119.96875 37.8519265013188004
38.40625 -119.90625 37.8519257944025540
38.40625 -119.84375 37.8519257932527395
38.40625 -119.78125 37.8519264984433192
38.40625 -119.71875 37.8519264990182265
38.40625 -119.65625 37.8519257921026764
38.40625 -119.59375 37.8519257938273483
38.40625 -119.53125 37.8519264995933327
38.40625 -119.46875 37.8519257955532566
38.40625 -119.40625 37.8519265013189994
38.40625 -119.34375 37.8519257955536119
38.40625 -119.28125 37.8519257926771360
38.40625 -119.21875 37.8519257915274210
38.40625 -119.15625 37.8519257915275702
38.40625 -119.09375 37.8519257932524908
38.34375 -120.34375 37.8846336552235243
38.34375 -120.28125 37.8846329471239116
38.34375 -120.21875 37.8846336540741646
38.34375 -120.15625 37.8846336529253875
38.34375 -120.09375 37.8846336517763689
38.34375 -120.03125 37.8846336546486242
38.34375 -119.96875 37.8846336557982823
38.34375 -119.90625 37.8846336546493134
38.34375 -119.84375 37.8846336546486242
38.34375 -119.78125 37.8846336540747046
38.34375 -119.71875 37.8846336557981331
38.34375 -119.65625 37.8846336586712340
38.34375 -119.59375 37.8846336552235812
38.34375 -119.53125 37.8846336546493632
38.34375 -119.46875 37.8846336552237304
38.34375 -119.40625 37.8846336575219667
38.34375 -119.34375 37.8846336557982397
38.34375 -119.28125 37.8846336546493134
38.34375 -119.21875 37.8846329453998933
38.34375 -119.15625 37.8846329453999857
38.34375 -119.09375 37.8846329482724400
38.34375 -119.03125 37.8846336529253378
38.28125 -120.34375 37.9172953768527918
38.28125 -120.28125 37.9172950230725192
38.28125 -120.21875 37.9172953768529410
38.28125 -120.15625 37.9172957283371872
38.28125 -120.09375 37.9172953734082014
38.28125 -120.03125 37.9172950247952514
38.28125 -119.96875 37.9172953785754743
38.28125 -119.90625 37.9172953785755737
38.28125 -119.84375 37.9172953785756306
38.28125 -119.78125 37.9172957289113484
38.28125 -119.71875 37.9172957317815786
38.28125 -119.65625 37.9172953802973751
38.28125 -119.59375 37.9172953768530832
38.28125 -119.53125 37.9172953785752753
38.28125 -119.46875 37.9172950265172091
38.28125 -119.40625 37.9172953774270027
38.28125 -119.34375 37.9172953780009721
38.28125 -119.28125 37.9172953785753251
38.28125 -119.21875 37.9172953739828529
38.28125 -119.15625 37.9172953751308341
38.28125 -119.09375 37.9172953780011213
38.28125 -119.03125 37.9172957294854100
38.28125 -118.96875 37.9172953751311397
38.21875 -120.21875 37.9499123338368420
38.21875 -120.15625 37.9499123344107048
38.21875 -120.09375 37.9499119786050088
38.21875 -120.03125 37.9499123361309287
38.21875 -119.96875 37.9499126913625702
38.21875 -119.90625 37.9499123361309785
38.21875 -119.84375 37.9499123367047417
38.21875 -119.78125 37.9499123332631783
38.21875 -119.71875 37.9499123338366928
38.21875 -119.65625 37.9499123378518348
38.21875 -119.59375 37.9499126896420478
38.21875 -119.53125 37.9499123355578973
38.21875 -119.46875 37.9499119826204065
38.21875 -119.40625 37.9499123372784126
38.21875 -119.34375 37.9499119814729653
38.21875 -119.28125 37.9499123355575065
38.21875 -119.21875 37.9499119797522511
38.21875 -119.15625 37.9499119780311958
38.21875 -119.09375 37.9499123349836367
38.21875 -119.03125 37.9499126907892403
38.21875 -118.96875 37.9499123321156375
38.21875 -118.90625 37.9499123338364583
38.21875 -118.84375 37.9499123349835372
38.15625 -120.15625 37.9824841353424603
38.15625 -120.09375 37.9824844891576348
38.15625 -120.03125 37.9824841376344864
38.15625 -119.96875 37.9824841382075178
38.15625 -119.90625 37.9824841387808405
38.15625 -119.84375 37.9824841376344864
38.15625 -119.78125 37.9824841364887220
38.15625 -119.71875 37.9824844914497532
38.15625 -119.65625 37.9824841376353177
38.15625 -119.59375 37.9824844925959653
38.15625 -119.53125 37.9824841364882317
38.15625 -119.46875 37.9824844925962068
38.15625 -119.40625 37.9824844943151518
38.15625 -119.34375 37.9824844920228344
38.15625 -119.28125 37.9824841376344864
38.15625 -119.21875 37.9824841330494039
38.15625 -119.15625 37.9824841353419203
38.15625 -119.09375 37.9824841370620447
38.15625 -119.03125 37.9824841364884733
38.15625 -118.96875 37.9824841347692868
38.15625 -118.90625 37.9824841359156409
38.15625 -118.84375 37.9824844897303677
38.15625 -118.78125 37.9824841364888144
38.09375 -120.15625 38.0150107405420812
38.09375 -120.09375 38.0150107393969421
38.09375 -120.03125 38.0150100328764680
38.09375 -119.96875 38.0150103904316481
38.09375 -119.90625 38.0150103904310583
38.09375 -119.84375 38.0150103864231284
38.09375 -119.78125 38.0150107405419817
38.09375 -119.71875 38.0150103858505375
38.09375 -119.65625 38.0150103904308665
38.09375 -119.59375 38.0150107416869645
38.09375 -119.53125 38.0150107416875969
38.09375 -119.46875 38.0150107439782019
38.09375 -119.40625 38.0150103915766309
38.09375 -119.34375 38.0150107451236750
38.09375 -119.28125 38.0150107439780598
38.09375 -119.21875 38.0150103847052634
38.09375 -119.15625 38.0150107416878456
38.09375 -119.09375 38.0150103875682603
38.09375 -119.03125 38.0150107445504517
38.09375 -118.96875 38.0150103835597477
38.09375 -118.90625 38.0150107393971481
38.09375 -118.84375 38.0150107405424151
38.09375 -118.78125 38.0150103864227376
38.09375 -118.71875 38.0150100323033868
38.09375 -118.65625 38.0150107416875045
38.03125 -120.09375 38.0474914014588634
38.03125 -120.03125 38.0474914054641573
38.03125 -119.96875 38.0474917616025223
38.03125 -119.90625 38.0474917587424102
38.03125 -119.84375 38.0474917593143616
38.03125 -119.78125 38.0474917575975695
38.03125 -119.71875 38.0474917604592022
38.03125 -119.65625 38.0474914060357179
38.03125 -119.59375 38.0474917598869027
38.03125 -119.53125 38.0474917581700609
38.03125 -119.46875 38.0474917616028634
38.03125 -119.40625 38.0474917616025223
38.03125 -119.34375 38.0474914054639584
38.03125 -119.28125 38.0474917610311536
38.03125 -119.21875 38.0474917570256181
38.03125 -119.15625 38.0474917564541499
38.03125 -119.09375 38.0474917587428010
38.03125 -119.03125 38.0474917627471143
38.03125 -118.96875 38.0474917581701106
38.03125 -118.90625 38.0474917581703096
38.03125 -118.84375 38.0474917587423107
38.03125 -118.78125 38.0474917598871016
38.03125 -118.71875 38.0474914043193664
38.03125 -118.65625 38.0474914031747815
38.03125 -118.59375 38.0474917621755466
37.96875 -120.09375 38.0799285653407580
37.96875 -119.96875 38.0799285681983832
37.96875 -119.84375 38.0799278587465437
37.96875 -119.78125 38.0799278564604293
37.96875 -119.71875 38.0799285664842699
37.96875 -119.65625 38.0799278587465437
37.96875 -119.59375 38.0799285670556884
37.96875 -119.53125 38.0799278547457831
37.96875 -119.46875 38.0799285687704838
37.96875 -119.40625 38.0799285687700433
37.96875 -119.34375 38.0799285670556884
37.96875 -119.28125 38.0799278576030673
37.96875 -119.21875 38.0799285647691903
37.96875 -119.15625 38.0799278536021646
37.96875 -119.09375 38.0799278564606283
37.96875 -119.03125 38.0799278553172016
37.96875 -118.96875 38.0799278547453923
37.96875 -118.90625 38.0799278541740733
37.96875 -118.84375 38.0799278564600883
37.96875 -118.78125 38.0799278570320396
37.96875 -118.71875 38.0799278558886201
37.96875 -118.59375 38.0799278587465864
37.96875 -118.53125 38.0799278593182038
37.90625 -119.84375 38.1123193555885820
37.90625 -119.78125 38.1123193533042581
37.90625 -119.71875 38.1123193555888733
37.90625 -119.65625 38.1123186449598705
37.90625 -119.59375 38.1123186443893758
37.90625 -119.53125 38.1123186432470220
37.90625 -119.46875 38.1123193555891646
37.90625 -119.40625 38.1123186455314311
37.90625 -119.34375 38.1123193544467185
37.90625 -119.28125 38.1123186443888855
37.90625 -119.21875 38.1123186426759446
37.90625 -119.15625 38.1123193533042581
37.90625 -119.09375 38.1123193538753426
37.90625 -119.03125 38.1123186438175168
37.90625 -118.96875 38.1123186438178081
37.90625 -118.90625 38.1123193527331310
37.90625 -118.84375 38.1123193538753426
37.90625 -118.78125 38.1123193555885820
37.90625 -118.71875 38.1123186443888855
37.90625 -118.65625 38.1123186438175168
37.84375 -119.90625 38.1446640798776784
37.84375 -119.84375 38.1446644352090090
37.84375 -119.78125 38.1446644317850101
37.84375 -119.71875 38.1446644323554622
37.84375 -119.65625 38.1446640793075602
37.84375 -119.59375 38.1446644346385568
37.84375 -119.53125 38.1446640775959764
37.84375 -119.46875 38.1446644363506380
37.84375 -119.40625 38.1446644380627546
37.84375 -119.34375 38.1446644346385568
37.84375 -119.28125 38.1446644340680123
37.84375 -119.21875 38.1446640764539069
37.84375 -119.15625 38.1446644317849675
37.84375 -119.09375 38.1446640793078515
37.84375 -119.03125 38.1446644346386137
37.84375 -118.96875 38.1446644323555617
37.84375 -118.90625 38.1446644317851096
37.84375 -118.84375 38.1446644317851096
37.84375 -118.78125 38.1446640775957349
37.84375 -118.71875 38.1446637216940374
37.84375 -118.65625 38.1446644340679200
37.84375 -118.59375 38.1446640804490471
37.84375 -118.40625 38.1446644346378889
37.84375 -118.34375 38.1446644306438714
37.78125 -119.96875 38.1769644878671741
37.78125 -119.90625 38.1769644861571251
37.78125 -119.84375 38.1769644861568835
37.78125 -119.78125 38.1769644833057384
37.78125 -119.71875 38.1769644867267530
37.78125 -119.65625 38.1769644867270941
37.78125 -119.59375 38.1769644867267530
37.78125 -119.53125 38.1769644855867654
37.78125 -119.46875 38.1769644867270941
37.78125 -119.40625 38.1769648452105983
37.78125 -119.34375 38.1769644867267530
37.78125 -119.28125 38.1769644872968215
37.78125 -119.21875 38.1769644833061719
37.78125 -119.15625 38.1769641288135588
37.78125 -119.09375 38.1769644861566917
37.78125 -119.03125 38.1769644855864314
37.78125 -118.96875 38.1769644838762403
37.78125 -118.90625 38.1769644850165619
37.78125 -118.84375 38.1769644850165122
37.78125 -118.78125 38.1769644861568338
37.78125 -118.71875 38.1769641288133599
37.78125 -118.65625 38.1769648434997819
37.78125 -118.59375 38.1769644878675081
37.78125 -118.53125 38.1769644890079789
37.78125 -118.40625 38.1769644850163701
37.78125 -118.34375 38.1769644810255784
37.78125 -118.28125 38.1769644827357268
37.71875 -119.84375 38.2092191027155721
37.71875 -119.78125 38.2092191027156645
37.71875 -119.71875 38.2092187467813815
37.71875 -119.65625 38.2092191049941405
37.71875 -119.59375 38.2092191021460366
37.71875 -119.53125 38.2092191021457950
37.71875 -119.46875 38.2092191061337445
37.71875 -119.40625 38.2092191049945242
37.71875 -119.34375 38.2092191061336450
37.71875 -119.28125 38.2092191044248466
37.71875 -119.21875 38.2092187467809552
37.71875 -119.15625 38.2092187439326594
37.71875 -119.09375 38.2092191038549274
37.71875 -119.03125 38.2092191032850579
37.71875 -118.96875 38.2092183874285993
37.71875 -118.90625 38.2092187445027207
37.71875 -118.84375 38.2092191004373376
37.71875 -118.78125 38.2092191038552613
37.71875 -118.71875 38.2092187479208860
37.71875 -118.65625 38.2092191021455108
37.71875 -118.59375 38.2092187479208363
37.71875 -118.53125 38.2092191038544513
37.71875 -118.34375 38.2092190998673118
37.71875 -118.28125 38.2092191021463705
37.71875 -118.21875 38.2092191032852000
37.65625 -119.78125 38.2414278978918034
37.65625 -119.71875 38.2414279007382305
37.65625 -119.65625 38.2414278995996852
37.65625 -119.59375 38.2414286154855816
37.65625 -119.53125 38.2414279001689863
37.65625 -119.46875 38.2414279030154063
37.65625 -119.40625 38.2414279018766337
37.65625 -119.34375 38.2414279013073326
37.65625 -119.28125 38.2414278995994081
37.65625 -119.21875 38.2414278995996852
37.65625 -119.15625 38.2414278978916613
37.65625 -119.09375 38.2414279001690858
37.65625 -119.03125 38.2414278996002110
37.65625 -118.96875 38.2414278967536418
37.65625 -118.90625 38.2414278995997421
37.65625 -118.84375 38.2414278978917110
37.65625 -118.78125 38.2414278990301071
37.65625 -118.71875 38.2414279013077731
37.65625 -118.65625 38.2414279007382305
37.65625 -118.59375 38.2414279030154063
37.65625 -118.53125 38.2414279041536247
37.65625 -118.28125 38.2414278973229358
37.65625 -118.21875 38.2414279018770173
37.59375 -119.78125 38.2735915501980912
37.59375 -119.71875 38.2735915496293231
37.59375 -119.65625 38.2735915507669588
37.59375 -119.59375 38.2735922649756830
37.59375 -119.53125 38.2735915484918365
37.59375 -119.46875 38.2735915513355849
37.59375 -119.40625 38.2735915519038770
37.59375 -119.34375 38.2735915507667173
37.59375 -119.28125 38.2735915496293231
37.59375 -119.21875 38.2735915484919786
37.59375 -119.15625 38.2735915479231181
37.59375 -119.09375 38.2735915496292236
37.59375 -119.03125 38.2735915496294226
37.59375 -118.96875 38.2735915484918365
37.59375 -118.90625 38.2735915490604555
37.59375 -118.84375 38.2735915484917371
37.59375 -118.78125 38.2735915490606047
37.59375 -118.71875 38.2735915496293728
37.59375 -118.65625 38.2735915496294652
37.59375 -118.59375 38.2735915513354854
37.59375 -118.53125 38.2735915507668594
37.59375 -118.28125 38.2735915496293231
37.59375 -118.21875 38.2735915507667173
37.59375 -118.15625 38.2735915513355849
37.53125 -119.78125 38.3057103745699266
37.53125 -119.71875 38.3057096614663593
37.53125 -119.65625 38.3057096626032347
37.53125 -119.59375 38.3057103779793025
37.53125 -119.53125 38.3057096603293985
37.53125 -119.46875 38.3057096631716192
37.53125 -119.40625 38.3057096637395276
37.53125 -119.34375 38.3057096626029505
37.53125 -119.28125 38.3057096608982590
37.53125 -119.21875 38.3057096608986853
37.53125 -119.15625 38.3057096580566565
37.53125 -119.09375 38.3057096631712426
37.53125 -119.03125 38.3057096614664090
37.53125 -118.96875 38.3057096586253749
37.53125 -118.90625 38.3057103722974261
37.53125 -118.84375 38.3057096569200723
37.53125 -118.78125 38.3057096608980174
37.53125 -118.71875 38.3057096626033200
37.53125 -118.65625 38.3057096608978327
37.53125 -118.28125 38.3057096586247070
37.53125 -118.21875 38.3057096626031353
37.53125 -118.15625 38.3057096637400463
37.53125 -118.09375 38.3057096626031850
37.53125 -118.03125 38.3057096574884071
37.46875 -119.71875 38.3377829037180859
37.46875 -119.65625 38.3377821911494223
37.46875 -119.59375 38.3377821894465924
37.46875 -119.53125 38.3377821894465427
37.46875 -119.46875 38.3377821900144085
37.46875 -119.40625 38.3377821888786841
37.46875 -119.34375 38.3377821894465924
37.46875 -119.28125 38.3377829025820205
37.46875 -119.21875 38.3377821871749447
37.46875 -119.15625 38.3377821860392629
37.46875 -119.09375 38.3377821883102925
37.46875 -119.03125 38.3377821894465001
37.46875 -118.96875 38.3377821877433789
37.46875 -118.90625 38.3377829048535759
37.46875 -118.84375 38.3377829031502202
37.46875 -118.78125 38.3377821877429525
37.46875 -118.71875 38.3377821883108680
37.46875 -118.65625 38.3377821888789683
37.46875 -118.28125 38.3377821883106265
37.46875 -118.21875 38.3377821894465427
37.46875 -118.15625 38.3377821905822742
37.46875 -118.09375 38.3377821894466422
37.46875 -118.03125 38.3377821860395969
37.40625 -119.59375 38.3698098169452848
37.40625 -119.53125 38.3698094572407058
37.40625 -119.46875 38.3698094617791625
37.40625 -119.40625 38.3698094589431093
37.40625 -119.34375 38.3698098180792613
37.40625 -119.28125 38.3698094595103569
37.40625 -119.21875 38.3698090998060692
37.40625 -119.15625 38.3698094555384444
37.40625 -119.09375 38.3698094589428749
37.40625 -119.03125 38.3698094595100727
37.40625 -118.96875 38.3698090992385872
37.40625 -118.90625 38.3698094572407058
37.40625 -118.84375 38.3698098158103633
37.40625 -118.78125 38.3698091009405644
37.40625 -118.71875 38.3698091015077694
37.40625 -118.65625 38.3698094572407058
37.40625 -118.21875 38.3698094589428749
37.40625 -118.15625 38.3698094595094616
37.40625 -118.09375 38.3698094572407058
37.34375 -119.53125 38.4017903502292199
37.34375 -119.46875 38.4017910685307839
37.34375 -119.40625 38.4017907102305429
37.34375 -119.21875 38.4017903502287510
37.34375 -119.15625 38.4017903490948243
37.34375 -119.09375 38.4017903524959436
37.34375 -119.03125 38.4017903507952454
37.34375 -118.96875 38.4017903479612741
37.34375 -118.90625 38.4017907085295107
37.34375 -118.84375 38.4017907085297452
37.34375 -118.78125 38.4017903507956220
37.34375 -118.71875 38.4017903507957641
37.34375 -118.65625 38.4017907096631035
37.34375 -118.59375 38.4017907136309589
37.34375 -118.21875 38.4017903513626777
37.34375 -118.15625 38.4017903507957143
37.28125 -119.46875 38.4337262734029892
37.28125 -119.40625 38.4337262728364024
37.28125 -119.28125 38.4337259131051141
37.28125 -119.21875 38.4337259097074764
37.28125 -119.15625 38.4337259097075687
37.28125 -119.09375 38.4337259108403657
37.28125 -119.03125 38.4337262694384805
37.28125 -118.96875 38.4337259085747718
37.28125 -118.90625 38.4337262677395159
37.28125 -118.84375 38.4337259131051141
37.28125 -118.78125 38.4337262660406935
37.28125 -118.71875 38.4337259119722248
37.28125 -118.65625 38.4337262705713698
37.28125 -118.59375 38.4337259136717009
37.28125 -118.53125 38.4337259131059596
37.28125 -118.46875 38.4337266325680673
37.28125 -118.40625 38.4337262705716967
37.28125 -118.21875 38.4337259108404581
37.28125 -118.15625 38.4337262711379566
37.21875 -119.40625 38.4656164559099594
37.21875 -119.28125 38.4656164536463834
37.21875 -119.21875 38.4656157364194868
37.21875 -119.15625 38.4656157341557758
37.21875 -119.09375 38.4656164547783348
37.21875 -119.03125 38.4656164542120251
37.21875 -118.96875 38.4656157341561027
37.21875 -118.90625 38.4656164536461915
37.21875 -118.84375 38.4656164508168743
37.21875 -118.78125 38.4656164559094407
37.21875 -118.71875 38.4656157375510617
37.21875 -118.65625 38.4656164564758356
37.21875 -118.59375 38.4656157381169947
37.21875 -118.53125 38.4656164559094407
37.21875 -118.46875 38.4656164564759280
37.21875 -118.40625 38.4656164547778658
37.21875 -118.09375 38.4656164564758356
37.21875 -118.03125 38.4656164530804503
37.15625 -119.28125 38.4974601499755096
37.15625 -119.21875 38.4974597902166664
37.15625 -119.15625 38.4974601488446808
37.15625 -119.09375 38.4974601528028586
37.15625 -119.03125 38.4974601488444961
37.15625 -118.96875 38.4974601482792167
37.15625 -118.90625 38.4974601488441692
37.15625 -118.84375 38.4974601494100028
37.15625 -118.78125 38.4974601516710067
37.15625 -118.71875 38.4974597913476373
37.15625 -118.65625 38.4974601533677614
37.15625 -118.59375 38.4974601528019278
37.15625 -118.53125 38.4974601533681877
37.15625 -118.46875 38.4974601539334529
37.15625 -118.40625 38.4974601494097186
37.15625 -118.09375 38.4974601522366555
37.15625 -118.03125 38.4974601488446808
37.09375 -119.34375 38.5292584005774259
37.09375 -119.28125 38.5292583971874549
37.09375 -119.21875 38.5292583966224598
37.09375 -119.15625 38.5292583966222324
37.09375 -119.09375 38.5292587578076606
37.09375 -119.03125 38.5292587561124407
37.09375 -118.96875 38.5292580376976233
37.09375 -118.90625 38.5292587555474952
37.09375 -118.84375 38.5292587561126751
37.09375 -118.78125 38.5292583988826252
37.09375 -118.71875 38.5292583977526348
37.09375 -118.65625 38.5292587595024543
37.09375 -118.59375 38.5292584005767296
37.09375 -118.53125 38.5292587606320254
37.09375 -118.46875 38.5292587600670302
37.09375 -118.40625 38.5292587578073338
37.09375 -118.15625 38.5292584017074162
37.09375 -118.09375 38.5292583988822486
37.09375 -118.03125 38.5292587555474952
37.03125 -119.15625 38.5610104380724934
37.03125 -119.09375 38.5610104431530729
37.03125 -119.03125 38.5610104425881701
37.03125 -118.96875 38.5610104380720742
37.03125 -118.90625 38.5610104369430644
37.03125 -118.84375 38.5610104386368846
37.03125 -118.78125 38.5610104403296816
37.03125 -118.71875 38.5610104425878930
37.03125 -118.65625 38.5610104392006221
37.03125 -118.59375 38.5610104431530232
37.03125 -118.53125 38.5610104431521421
37.03125 -118.46875 38.5610104442817558
37.03125 -118.40625 38.5610104425878930
37.03125 -118.15625 38.5610104442812869
37.03125 -118.09375 38.5610104408943499
37.03125 -118.03125 38.5610104397657096
36.96875 -119.09375 38.5927176757593458
36.96875 -119.03125 38.5927169584159060
36.96875 -118.96875 38.5927169544670861
36.96875 -118.90625 38.5927169544668942
36.96875 -118.84375 38.5927169555952574
36.96875 -118.78125 38.5927169561593644
36.96875 -118.71875 38.5927169584156289
36.96875 -118.65625 38.5927169567233435
36.96875 -118.59375 38.5927169572873652
36.96875 -118.53125 38.5927169589800201
36.96875 -118.46875 38.5927176797084996
36.96875 -118.40625 38.5927169567235708
36.96875 -118.34375 38.5927176751952743
36.96875 -118.09375 38.5927169578516143
36.96875 -118.03125 38.5927169539029720
