136662	36.90625 -119.03125
136663	36.90625 -118.96875
136664	36.90625 -118.90625
136665	36.90625 -118.84375
136666	36.90625 -118.78125
136667	36.90625 -118.71875
136668	36.90625 -118.65625
136669	36.90625 -118.59375
136670	36.90625 -118.53125
136671	36.90625 -118.46875
136672	36.90625 -118.40625
136673	36.90625 -118.34375
136678	36.90625 -118.03125
137387	36.84375 -118.96875
137388	36.84375 -118.90625
137389	36.84375 -118.84375
137390	36.84375 -118.78125
137391	36.84375 -118.71875
137392	36.84375 -118.65625
137393	36.84375 -118.59375
137394	36.84375 -118.53125
137395	36.84375 -118.46875
137396	36.84375 -118.40625
137397	36.84375 -118.34375
137402	36.84375 -118.03125
138118	36.78125 -119.03125
138119	36.78125 -118.96875
138120	36.78125 -118.90625
138121	36.78125 -118.84375
138122	36.78125 -118.78125
138123	36.78125 -118.71875
138124	36.78125 -118.65625
138125	36.78125 -118.59375
138126	36.78125 -118.53125
138127	36.78125 -118.46875
138128	36.78125 -118.40625
138129	36.78125 -118.34375
138130	36.78125 -118.28125
138134	36.78125 -118.03125
138850	36.71875 -119.03125
138851	36.71875 -118.96875
138852	36.71875 -118.90625
138853	36.71875 -118.84375
138854	36.71875 -118.78125
138855	36.71875 -118.71875
138856	36.71875 -118.65625
138857	36.71875 -118.59375
138858	36.71875 -118.53125
138859	36.71875 -118.46875
138860	36.71875 -118.40625
138861	36.71875 -118.34375
138862	36.71875 -118.28125
139584	36.65625 -118.90625
139585	36.65625 -118.84375
139586	36.65625 -118.78125
139587	36.65625 -118.71875
139588	36.65625 -118.65625
139589	36.65625 -118.59375
139590	36.65625 -118.53125
139591	36.65625 -118.46875
139592	36.65625 -118.40625
139593	36.65625 -118.34375
139594	36.65625 -118.28125
140319	36.59375 -118.84375
140320	36.59375 -118.78125
140321	36.59375 -118.71875
140322	36.59375 -118.65625
140323	36.59375 -118.59375
140324	36.59375 -118.53125
140325	36.59375 -118.46875
140326	36.59375 -118.40625
140327	36.59375 -118.34375
140328	36.59375 -118.28125
140329	36.59375 -118.21875
141054	36.53125 -118.78125
141055	36.53125 -118.71875
141056	36.53125 -118.65625
141057	36.53125 -118.59375
141058	36.53125 -118.53125
141059	36.53125 -118.46875
141060	36.53125 -118.40625
141061	36.53125 -118.34375
141062	36.53125 -118.28125
141063	36.53125 -118.21875
141064	36.53125 -118.15625
141788	36.46875 -118.78125
141789	36.46875 -118.71875
141790	36.46875 -118.65625
141791	36.46875 -118.59375
141792	36.46875 -118.53125
141793	36.46875 -118.46875
141794	36.46875 -118.40625
141795	36.46875 -118.34375
141796	36.46875 -118.28125
141797	36.46875 -118.21875
141798	36.46875 -118.15625
141799	36.46875 -118.09375
142522	36.40625 -118.78125
142523	36.40625 -118.71875
142524	36.40625 -118.65625
142525	36.40625 -118.59375
142526	36.40625 -118.53125
142527	36.40625 -118.46875
142528	36.40625 -118.40625
142529	36.40625 -118.34375
142530	36.40625 -118.28125
142531	36.40625 -118.21875
142532	36.40625 -118.15625
142533	36.40625 -118.09375
143256	36.34375 -118.78125
143257	36.34375 -118.71875
143258	36.34375 -118.65625
143259	36.34375 -118.59375
143260	36.34375 -118.53125
143261	36.34375 -118.46875
143262	36.34375 -118.40625
143263	36.34375 -118.34375
143264	36.34375 -118.28125
143265	36.34375 -118.21875
143266	36.34375 -118.15625
143267	36.34375 -118.09375
143994	36.28125 -118.71875
143995	36.28125 -118.65625
143996	36.28125 -118.59375
143997	36.28125 -118.53125
143998	36.28125 -118.46875
143999	36.28125 -118.40625
144000	36.28125 -118.34375
144001	36.28125 -118.28125
144002	36.28125 -118.21875
144003	36.28125 -118.15625
144004	36.28125 -118.09375
144729	36.21875 -118.71875
144730	36.21875 -118.65625
144731	36.21875 -118.59375
144732	36.21875 -118.53125
144733	36.21875 -118.46875
144734	36.21875 -118.40625
144735	36.21875 -118.34375
144736	36.21875 -118.28125
144737	36.21875 -118.21875
144738	36.21875 -118.15625
144739	36.21875 -118.09375
145460	36.15625 -118.65625
145461	36.15625 -118.59375
145462	36.15625 -118.53125
145463	36.15625 -118.46875
145464	36.15625 -118.40625
145465	36.15625 -118.34375
145466	36.15625 -118.28125
145467	36.15625 -118.21875
145468	36.15625 -118.15625
145469	36.15625 -118.09375
145470	36.15625 -118.03125
146187	36.09375 -118.71875
146188	36.09375 -118.65625
146189	36.09375 -118.59375
146190	36.09375 -118.53125
146191	36.09375 -118.46875
146192	36.09375 -118.40625
146193	36.09375 -118.34375
146194	36.09375 -118.28125
146195	36.09375 -118.21875
146196	36.09375 -118.15625
146197	36.09375 -118.09375
146198	36.09375 -118.03125
146913	36.03125 -118.59375
146914	36.03125 -118.53125
146916	36.03125 -118.40625
146917	36.03125 -118.34375
146918	36.03125 -118.28125
146919	36.03125 -118.21875
146920	36.03125 -118.15625
146921	36.03125 -118.09375
146922	36.03125 -118.03125
147633	35.96875 -118.65625
147634	35.96875 -118.59375
147635	35.96875 -118.53125
147637	35.96875 -118.40625
147638	35.96875 -118.34375
147639	35.96875 -118.28125
147642	35.96875 -118.09375
147643	35.96875 -118.03125
148356	35.90625 -118.59375
148357	35.90625 -118.53125
148359	35.90625 -118.40625
148360	35.90625 -118.34375
148361	35.90625 -118.28125
148362	35.90625 -118.21875
148364	35.90625 -118.09375
148365	35.90625 -118.03125
149076	35.84375 -118.59375
149077	35.84375 -118.53125
149079	35.84375 -118.40625
149080	35.84375 -118.34375
149081	35.84375 -118.28125
149082	35.84375 -118.21875
149084	35.84375 -118.09375
149085	35.84375 -118.03125
149806	35.78125 -118.59375
149807	35.78125 -118.53125
149810	35.78125 -118.34375
149811	35.78125 -118.28125
149812	35.78125 -118.21875
150534	35.71875 -118.59375
150535	35.71875 -118.53125
151262	35.65625 -118.59375
151270	35.65625 -118.09375
151992	35.59375 -118.34375
152714	35.53125 -118.46875
152715	35.53125 -118.40625
152716	35.53125 -118.34375
79983	41.46875 -122.34375
79984	41.46875 -122.28125
79985	41.46875 -122.21875
79986	41.46875 -122.15625
79987	41.46875 -122.09375
79988	41.46875 -122.03125
79989	41.46875 -121.96875
79990	41.46875 -121.90625
79991	41.46875 -121.84375
79992	41.46875 -121.78125
79993	41.46875 -121.71875
79994	41.46875 -121.65625
79995	41.46875 -121.59375
79996	41.46875 -121.53125
80001	41.46875 -121.21875
80002	41.46875 -121.15625
80003	41.46875 -121.09375
80004	41.46875 -121.03125
80005	41.46875 -120.96875
80015	41.46875 -120.34375
80016	41.46875 -120.28125
80017	41.46875 -120.21875
80811	41.40625 -122.46875
80812	41.40625 -122.40625
80813	41.40625 -122.34375
80814	41.40625 -122.28125
80815	41.40625 -122.21875
80816	41.40625 -122.15625
80817	41.40625 -122.09375
80818	41.40625 -122.03125
80819	41.40625 -121.96875
80820	41.40625 -121.90625
80821	41.40625 -121.84375
80822	41.40625 -121.78125
80823	41.40625 -121.71875
80830	41.40625 -121.28125
80831	41.40625 -121.21875
80832	41.40625 -121.15625
80835	41.40625 -120.96875
80836	41.40625 -120.90625
80837	41.40625 -120.84375
80838	41.40625 -120.78125
80845	41.40625 -120.34375
80846	41.40625 -120.28125
80847	41.40625 -120.21875
80848	41.40625 -120.15625
80851	41.40625 -119.96875
81641	41.34375 -122.46875
81642	41.34375 -122.40625
81643	41.34375 -122.34375
81644	41.34375 -122.28125
81645	41.34375 -122.21875
81646	41.34375 -122.15625
81647	41.34375 -122.09375
81648	41.34375 -122.03125
81649	41.34375 -121.96875
81650	41.34375 -121.90625
81651	41.34375 -121.84375
81652	41.34375 -121.78125
81653	41.34375 -121.71875
81658	41.34375 -121.40625
81663	41.34375 -121.09375
81664	41.34375 -121.03125
81665	41.34375 -120.96875
81666	41.34375 -120.90625
81667	41.34375 -120.84375
81668	41.34375 -120.78125
81669	41.34375 -120.71875
81670	41.34375 -120.65625
81675	41.34375 -120.34375
81676	41.34375 -120.28125
81677	41.34375 -120.21875
81678	41.34375 -120.15625
81681	41.34375 -119.96875
82465	41.28125 -122.46875
82466	41.28125 -122.40625
82467	41.28125 -122.34375
82468	41.28125 -122.28125
82469	41.28125 -122.21875
82470	41.28125 -122.15625
82471	41.28125 -122.09375
82472	41.28125 -122.03125
82473	41.28125 -121.96875
82474	41.28125 -121.90625
82475	41.28125 -121.84375
82476	41.28125 -121.78125
82477	41.28125 -121.71875
82478	41.28125 -121.65625
82481	41.28125 -121.46875
82482	41.28125 -121.40625
82486	41.28125 -121.15625
82487	41.28125 -121.09375
82488	41.28125 -121.03125
82491	41.28125 -120.84375
82492	41.28125 -120.78125
82493	41.28125 -120.71875
82494	41.28125 -120.65625
82495	41.28125 -120.59375
82500	41.28125 -120.28125
82501	41.28125 -120.21875
82502	41.28125 -120.15625
82505	41.28125 -119.96875
83291	41.21875 -122.46875
83292	41.21875 -122.40625
83293	41.21875 -122.34375
83294	41.21875 -122.28125
83295	41.21875 -122.21875
83299	41.21875 -121.96875
83300	41.21875 -121.90625
83301	41.21875 -121.84375
83302	41.21875 -121.78125
83303	41.21875 -121.71875
83304	41.21875 -121.65625
83309	41.21875 -121.34375
83310	41.21875 -121.28125
83312	41.21875 -121.15625
83317	41.21875 -120.84375
83318	41.21875 -120.78125
83319	41.21875 -120.71875
83320	41.21875 -120.65625
83321	41.21875 -120.59375
83327	41.21875 -120.21875
83328	41.21875 -120.15625
83331	41.21875 -119.96875
84105	41.15625 -122.46875
84106	41.15625 -122.40625
84107	41.15625 -122.34375
84108	41.15625 -122.28125
84109	41.15625 -122.21875
84112	41.15625 -122.03125
84113	41.15625 -121.96875
84114	41.15625 -121.90625
84115	41.15625 -121.84375
84116	41.15625 -121.78125
84117	41.15625 -121.71875
84118	41.15625 -121.65625
84123	41.15625 -121.34375
84124	41.15625 -121.28125
84125	41.15625 -121.21875
84126	41.15625 -121.15625
84130	41.15625 -120.90625
84131	41.15625 -120.84375
84132	41.15625 -120.78125
84133	41.15625 -120.71875
84134	41.15625 -120.65625
84135	41.15625 -120.59375
84136	41.15625 -120.53125
84137	41.15625 -120.46875
84140	41.15625 -120.28125
84141	41.15625 -120.21875
84142	41.15625 -120.15625
84143	41.15625 -120.09375
84919	41.09375 -122.46875
84920	41.09375 -122.40625
84922	41.09375 -122.28125
84923	41.09375 -122.21875
84924	41.09375 -122.15625
84925	41.09375 -122.09375
84926	41.09375 -122.03125
84927	41.09375 -121.96875
84928	41.09375 -121.90625
84929	41.09375 -121.84375
84930	41.09375 -121.78125
84931	41.09375 -121.71875
84932	41.09375 -121.65625
84933	41.09375 -121.59375
84938	41.09375 -121.28125
84940	41.09375 -121.15625
84941	41.09375 -121.09375
84942	41.09375 -121.03125
84943	41.09375 -120.96875
84944	41.09375 -120.90625
84945	41.09375 -120.84375
84946	41.09375 -120.78125
84947	41.09375 -120.71875
84948	41.09375 -120.65625
84949	41.09375 -120.59375
84950	41.09375 -120.53125
84951	41.09375 -120.46875
84952	41.09375 -120.40625
84953	41.09375 -120.34375
84954	41.09375 -120.28125
84955	41.09375 -120.21875
84956	41.09375 -120.15625
84957	41.09375 -120.09375
84958	41.09375 -120.03125
85729	41.03125 -122.46875
85732	41.03125 -122.28125
85733	41.03125 -122.21875
85734	41.03125 -122.15625
85735	41.03125 -122.09375
85736	41.03125 -122.03125
85739	41.03125 -121.84375
85740	41.03125 -121.78125
85741	41.03125 -121.71875
85749	41.03125 -121.21875
85750	41.03125 -121.15625
85751	41.03125 -121.09375
85752	41.03125 -121.03125
85753	41.03125 -120.96875
85754	41.03125 -120.90625
85755	41.03125 -120.84375
85756	41.03125 -120.78125
85757	41.03125 -120.71875
85758	41.03125 -120.65625
85759	41.03125 -120.59375
85760	41.03125 -120.53125
85761	41.03125 -120.46875
85762	41.03125 -120.40625
85763	41.03125 -120.34375
85764	41.03125 -120.28125
85765	41.03125 -120.21875
85766	41.03125 -120.15625
85767	41.03125 -120.09375
86542	40.96875 -122.28125
86546	40.96875 -122.03125
86549	40.96875 -121.84375
86550	40.96875 -121.78125
86555	40.96875 -121.46875
86559	40.96875 -121.21875
86560	40.96875 -121.15625
86561	40.96875 -121.09375
86562	40.96875 -121.03125
86563	40.96875 -120.96875
86564	40.96875 -120.90625
86565	40.96875 -120.84375
86566	40.96875 -120.78125
86567	40.96875 -120.71875
86568	40.96875 -120.65625
86569	40.96875 -120.59375
86571	40.96875 -120.46875
86572	40.96875 -120.40625
86573	40.96875 -120.34375
86574	40.96875 -120.28125
86575	40.96875 -120.21875
86576	40.96875 -120.15625
86577	40.96875 -120.09375
86578	40.96875 -120.03125
86579	40.96875 -119.96875
87363	40.90625 -121.84375
87364	40.90625 -121.78125
87370	40.90625 -121.40625
87371	40.90625 -121.34375
87372	40.90625 -121.28125
87374	40.90625 -121.15625
87375	40.90625 -121.09375
87376	40.90625 -121.03125
87377	40.90625 -120.96875
87378	40.90625 -120.90625
87379	40.90625 -120.84375
87380	40.90625 -120.78125
87381	40.90625 -120.71875
87382	40.90625 -120.65625
87385	40.90625 -120.46875
87386	40.90625 -120.40625
87387	40.90625 -120.34375
87391	40.90625 -120.09375
87392	40.90625 -120.03125
87393	40.90625 -119.96875
88177	40.84375 -121.84375
88178	40.84375 -121.78125
88179	40.84375 -121.71875
88180	40.84375 -121.65625
88181	40.84375 -121.59375
88184	40.84375 -121.40625
88185	40.84375 -121.34375
88186	40.84375 -121.28125
88187	40.84375 -121.21875
88188	40.84375 -121.15625
88189	40.84375 -121.09375
88190	40.84375 -121.03125
88191	40.84375 -120.96875
88192	40.84375 -120.90625
88193	40.84375 -120.84375
88194	40.84375 -120.78125
88195	40.84375 -120.71875
88196	40.84375 -120.65625
88197	40.84375 -120.59375
88198	40.84375 -120.53125
88199	40.84375 -120.46875
88200	40.84375 -120.40625
88201	40.84375 -120.34375
88205	40.84375 -120.09375
88206	40.84375 -120.03125
88207	40.84375 -119.96875
88997	40.78125 -121.84375
88998	40.78125 -121.78125
88999	40.78125 -121.71875
89000	40.78125 -121.65625
89001	40.78125 -121.59375
89002	40.78125 -121.53125
89004	40.78125 -121.40625
89005	40.78125 -121.34375
89006	40.78125 -121.28125
89007	40.78125 -121.21875
89008	40.78125 -121.15625
89009	40.78125 -121.09375
89010	40.78125 -121.03125
89011	40.78125 -120.96875
89012	40.78125 -120.90625
89013	40.78125 -120.84375
89014	40.78125 -120.78125
89015	40.78125 -120.71875
89016	40.78125 -120.65625
89017	40.78125 -120.59375
89018	40.78125 -120.53125
89019	40.78125 -120.46875
89020	40.78125 -120.40625
89021	40.78125 -120.34375
89022	40.78125 -120.28125
89023	40.78125 -120.21875
89024	40.78125 -120.15625
89025	40.78125 -120.09375
89026	40.78125 -120.03125
89027	40.78125 -119.96875
89819	40.71875 -121.84375
89820	40.71875 -121.78125
89821	40.71875 -121.71875
89822	40.71875 -121.65625
89823	40.71875 -121.59375
89824	40.71875 -121.53125
89825	40.71875 -121.46875
89826	40.71875 -121.40625
89827	40.71875 -121.34375
89828	40.71875 -121.28125
89829	40.71875 -121.21875
89830	40.71875 -121.15625
89831	40.71875 -121.09375
89832	40.71875 -121.03125
89833	40.71875 -120.96875
89834	40.71875 -120.90625
89835	40.71875 -120.84375
89836	40.71875 -120.78125
89837	40.71875 -120.71875
89838	40.71875 -120.65625
89839	40.71875 -120.59375
89840	40.71875 -120.53125
89841	40.71875 -120.46875
89842	40.71875 -120.40625
89843	40.71875 -120.34375
89844	40.71875 -120.28125
89845	40.71875 -120.21875
89846	40.71875 -120.15625
89847	40.71875 -120.09375
89848	40.71875 -120.03125
89849	40.71875 -119.96875
90636	40.65625 -121.78125
90637	40.65625 -121.71875
90638	40.65625 -121.65625
90639	40.65625 -121.59375
90640	40.65625 -121.53125
90641	40.65625 -121.46875
90642	40.65625 -121.40625
90643	40.65625 -121.34375
90644	40.65625 -121.28125
90645	40.65625 -121.21875
90646	40.65625 -121.15625
90647	40.65625 -121.09375
90648	40.65625 -121.03125
90649	40.65625 -120.96875
90650	40.65625 -120.90625
90651	40.65625 -120.84375
90652	40.65625 -120.78125
90653	40.65625 -120.71875
90654	40.65625 -120.65625
90655	40.65625 -120.59375
90656	40.65625 -120.53125
90657	40.65625 -120.46875
90658	40.65625 -120.40625
90659	40.65625 -120.34375
90661	40.65625 -120.21875
90662	40.65625 -120.15625
90663	40.65625 -120.09375
90664	40.65625 -120.03125
91453	40.59375 -121.78125
91454	40.59375 -121.71875
91455	40.59375 -121.65625
91456	40.59375 -121.59375
91457	40.59375 -121.53125
91458	40.59375 -121.46875
91459	40.59375 -121.40625
91460	40.59375 -121.34375
91461	40.59375 -121.28125
91462	40.59375 -121.21875
91463	40.59375 -121.15625
91464	40.59375 -121.09375
91465	40.59375 -121.03125
91466	40.59375 -120.96875
91467	40.59375 -120.90625
91468	40.59375 -120.84375
91469	40.59375 -120.78125
91470	40.59375 -120.71875
91471	40.59375 -120.65625
91472	40.59375 -120.59375
91473	40.59375 -120.53125
91474	40.59375 -120.46875
91480	40.59375 -120.09375
91481	40.59375 -120.03125
92259	40.53125 -121.65625
92260	40.53125 -121.59375
92261	40.53125 -121.53125
92262	40.53125 -121.46875
92263	40.53125 -121.40625
92264	40.53125 -121.34375
92265	40.53125 -121.28125
92266	40.53125 -121.21875
92267	40.53125 -121.15625
92268	40.53125 -121.09375
92269	40.53125 -121.03125
92270	40.53125 -120.96875
92271	40.53125 -120.90625
92272	40.53125 -120.84375
92273	40.53125 -120.78125
92274	40.53125 -120.71875
92275	40.53125 -120.65625
92276	40.53125 -120.59375
92277	40.53125 -120.53125
92286	40.53125 -119.96875
93062	40.46875 -121.71875
93063	40.46875 -121.65625
93064	40.46875 -121.59375
93065	40.46875 -121.53125
93066	40.46875 -121.46875
93067	40.46875 -121.40625
93068	40.46875 -121.34375
93069	40.46875 -121.28125
93070	40.46875 -121.21875
93071	40.46875 -121.15625
93072	40.46875 -121.09375
93073	40.46875 -121.03125
93074	40.46875 -120.96875
93075	40.46875 -120.90625
93076	40.46875 -120.84375
93077	40.46875 -120.78125
93078	40.46875 -120.71875
93079	40.46875 -120.65625
93080	40.46875 -120.59375
93081	40.46875 -120.53125
93084	40.46875 -120.34375
93089	40.46875 -120.03125
93090	40.46875 -119.96875
93864	40.40625 -121.71875
93865	40.40625 -121.65625
93866	40.40625 -121.59375
93867	40.40625 -121.53125
93868	40.40625 -121.46875
93869	40.40625 -121.40625
93870	40.40625 -121.34375
93871	40.40625 -121.28125
93872	40.40625 -121.21875
93873	40.40625 -121.15625
93874	40.40625 -121.09375
93875	40.40625 -121.03125
93876	40.40625 -120.96875
93877	40.40625 -120.90625
93878	40.40625 -120.84375
93879	40.40625 -120.78125
93880	40.40625 -120.71875
93889	40.40625 -120.15625
93890	40.40625 -120.09375
93891	40.40625 -120.03125
93892	40.40625 -119.96875
94666	40.34375 -121.71875
94667	40.34375 -121.65625
94668	40.34375 -121.59375
94669	40.34375 -121.53125
94670	40.34375 -121.46875
94671	40.34375 -121.40625
94672	40.34375 -121.34375
94673	40.34375 -121.28125
94674	40.34375 -121.21875
94675	40.34375 -121.15625
94676	40.34375 -121.09375
94677	40.34375 -121.03125
94678	40.34375 -120.96875
94679	40.34375 -120.90625
94680	40.34375 -120.84375
94681	40.34375 -120.78125
94682	40.34375 -120.71875
94683	40.34375 -120.65625
94684	40.34375 -120.59375
94691	40.34375 -120.15625
94692	40.34375 -120.09375
94693	40.34375 -120.03125
95473	40.28125 -121.65625
95474	40.28125 -121.59375
95475	40.28125 -121.53125
95476	40.28125 -121.46875
95477	40.28125 -121.40625
95478	40.28125 -121.34375
95479	40.28125 -121.28125
95480	40.28125 -121.21875
95481	40.28125 -121.15625
95482	40.28125 -121.09375
95483	40.28125 -121.03125
95484	40.28125 -120.96875
95485	40.28125 -120.90625
95486	40.28125 -120.84375
95487	40.28125 -120.78125
95488	40.28125 -120.71875
95489	40.28125 -120.65625
95490	40.28125 -120.59375
95491	40.28125 -120.53125
96277	40.21875 -121.65625
96278	40.21875 -121.59375
96279	40.21875 -121.53125
96280	40.21875 -121.46875
96281	40.21875 -121.40625
96282	40.21875 -121.34375
96283	40.21875 -121.28125
96284	40.21875 -121.21875
96285	40.21875 -121.15625
96286	40.21875 -121.09375
96287	40.21875 -121.03125
96288	40.21875 -120.96875
96289	40.21875 -120.90625
96290	40.21875 -120.84375
96291	40.21875 -120.78125
96292	40.21875 -120.71875
96293	40.21875 -120.65625
96294	40.21875 -120.59375
96295	40.21875 -120.53125
96296	40.21875 -120.46875
97083	40.15625 -121.53125
97084	40.15625 -121.46875
97085	40.15625 -121.40625
97086	40.15625 -121.34375
97087	40.15625 -121.28125
97088	40.15625 -121.21875
97089	40.15625 -121.15625
97090	40.15625 -121.09375
97091	40.15625 -121.03125
97092	40.15625 -120.96875
97093	40.15625 -120.90625
97094	40.15625 -120.84375
97095	40.15625 -120.78125
97096	40.15625 -120.71875
97097	40.15625 -120.65625
97098	40.15625 -120.59375
97099	40.15625 -120.53125
97100	40.15625 -120.46875
97101	40.15625 -120.40625
97102	40.15625 -120.34375
97884	40.09375 -121.59375
97885	40.09375 -121.53125
97886	40.09375 -121.46875
97887	40.09375 -121.40625
97888	40.09375 -121.34375
97889	40.09375 -121.28125
97890	40.09375 -121.21875
97891	40.09375 -121.15625
97892	40.09375 -121.09375
97893	40.09375 -121.03125
97894	40.09375 -120.96875
97895	40.09375 -120.90625
97896	40.09375 -120.84375
97897	40.09375 -120.78125
97898	40.09375 -120.71875
97899	40.09375 -120.65625
97900	40.09375 -120.59375
97901	40.09375 -120.53125
97902	40.09375 -120.46875
97903	40.09375 -120.40625
97904	40.09375 -120.34375
97905	40.09375 -120.28125
97906	40.09375 -120.21875
98686	40.03125 -121.59375
98687	40.03125 -121.53125
98688	40.03125 -121.46875
98689	40.03125 -121.40625
98690	40.03125 -121.34375
98691	40.03125 -121.28125
98693	40.03125 -121.15625
98694	40.03125 -121.09375
98695	40.03125 -121.03125
98696	40.03125 -120.96875
98697	40.03125 -120.90625
98698	40.03125 -120.84375
98699	40.03125 -120.78125
98700	40.03125 -120.71875
98701	40.03125 -120.65625
98702	40.03125 -120.59375
98703	40.03125 -120.53125
98704	40.03125 -120.46875
98705	40.03125 -120.40625
98706	40.03125 -120.34375
98707	40.03125 -120.28125
98708	40.03125 -120.21875
98709	40.03125 -120.15625
98711	40.03125 -120.03125
98712	40.03125 -119.96875
99487	39.96875 -121.53125
99488	39.96875 -121.46875
99489	39.96875 -121.40625
99490	39.96875 -121.34375
99491	39.96875 -121.28125
99492	39.96875 -121.21875
99493	39.96875 -121.15625
99494	39.96875 -121.09375
99495	39.96875 -121.03125
99496	39.96875 -120.96875
99497	39.96875 -120.90625
99498	39.96875 -120.84375
99499	39.96875 -120.78125
99500	39.96875 -120.71875
99501	39.96875 -120.65625
99502	39.96875 -120.59375
99503	39.96875 -120.53125
99504	39.96875 -120.46875
99505	39.96875 -120.40625
99506	39.96875 -120.34375
99507	39.96875 -120.28125
99508	39.96875 -120.21875
99509	39.96875 -120.15625
99510	39.96875 -120.09375
100287	39.90625 -121.46875
100288	39.90625 -121.40625
100290	39.90625 -121.28125
100291	39.90625 -121.21875
100292	39.90625 -121.15625
100293	39.90625 -121.09375
100294	39.90625 -121.03125
100295	39.90625 -120.96875
100296	39.90625 -120.90625
100297	39.90625 -120.84375
100298	39.90625 -120.78125
100299	39.90625 -120.71875
100300	39.90625 -120.65625
100301	39.90625 -120.59375
100302	39.90625 -120.53125
100303	39.90625 -120.46875
100304	39.90625 -120.40625
100305	39.90625 -120.34375
100306	39.90625 -120.28125
100307	39.90625 -120.21875
100308	39.90625 -120.15625
100309	39.90625 -120.09375
100310	39.90625 -120.03125
100311	39.90625 -119.96875
101086	39.84375 -121.34375
101087	39.84375 -121.28125
101088	39.84375 -121.21875
101089	39.84375 -121.15625
101090	39.84375 -121.09375
101091	39.84375 -121.03125
101092	39.84375 -120.96875
101093	39.84375 -120.90625
101094	39.84375 -120.84375
101095	39.84375 -120.78125
101096	39.84375 -120.71875
101097	39.84375 -120.65625
101098	39.84375 -120.59375
101099	39.84375 -120.53125
101100	39.84375 -120.46875
101101	39.84375 -120.40625
101102	39.84375 -120.34375
101103	39.84375 -120.28125
101104	39.84375 -120.21875
101105	39.84375 -120.15625
101106	39.84375 -120.09375
101107	39.84375 -120.03125
101108	39.84375 -119.96875
101882	39.78125 -121.34375
101883	39.78125 -121.28125
101884	39.78125 -121.21875
101885	39.78125 -121.15625
101886	39.78125 -121.09375
101887	39.78125 -121.03125
101888	39.78125 -120.96875
101889	39.78125 -120.90625
101890	39.78125 -120.84375
101891	39.78125 -120.78125
101892	39.78125 -120.71875
101893	39.78125 -120.65625
101894	39.78125 -120.59375
101895	39.78125 -120.53125
101896	39.78125 -120.46875
101897	39.78125 -120.40625
101898	39.78125 -120.34375
101899	39.78125 -120.28125
101900	39.78125 -120.21875
101901	39.78125 -120.15625
101902	39.78125 -120.09375
101903	39.78125 -120.03125
101904	39.78125 -119.96875
102678	39.71875 -121.21875
102679	39.71875 -121.15625
102680	39.71875 -121.09375
102681	39.71875 -121.03125
102682	39.71875 -120.96875
102683	39.71875 -120.90625
102684	39.71875 -120.84375
102685	39.71875 -120.78125
102686	39.71875 -120.71875
102687	39.71875 -120.65625
102688	39.71875 -120.59375
102689	39.71875 -120.53125
102690	39.71875 -120.46875
102691	39.71875 -120.40625
102692	39.71875 -120.34375
102693	39.71875 -120.28125
102694	39.71875 -120.21875
102695	39.71875 -120.15625
102696	39.71875 -120.09375
102697	39.71875 -120.03125
102698	39.71875 -119.96875
103472	39.65625 -121.21875
103473	39.65625 -121.15625
103474	39.65625 -121.09375
103475	39.65625 -121.03125
103476	39.65625 -120.96875
103477	39.65625 -120.90625
103478	39.65625 -120.84375
103479	39.65625 -120.78125
103480	39.65625 -120.71875
103481	39.65625 -120.65625
103482	39.65625 -120.59375
103483	39.65625 -120.53125
103484	39.65625 -120.46875
103485	39.65625 -120.40625
103486	39.65625 -120.34375
103487	39.65625 -120.28125
103488	39.65625 -120.21875
103489	39.65625 -120.15625
103490	39.65625 -120.09375
103491	39.65625 -120.03125
103492	39.65625 -119.96875
104268	39.59375 -121.09375
104269	39.59375 -121.03125
104270	39.59375 -120.96875
104271	39.59375 -120.90625
104272	39.59375 -120.84375
104273	39.59375 -120.78125
104274	39.59375 -120.71875
104275	39.59375 -120.65625
104276	39.59375 -120.59375
104277	39.59375 -120.53125
104278	39.59375 -120.46875
104279	39.59375 -120.40625
104280	39.59375 -120.34375
104281	39.59375 -120.28125
104282	39.59375 -120.21875
104283	39.59375 -120.15625
104284	39.59375 -120.09375
104285	39.59375 -120.03125
104286	39.59375 -119.96875
105058	39.53125 -120.96875
105059	39.53125 -120.90625
105060	39.53125 -120.84375
105061	39.53125 -120.78125
105062	39.53125 -120.71875
105063	39.53125 -120.65625
105064	39.53125 -120.59375
105065	39.53125 -120.53125
105066	39.53125 -120.46875
105067	39.53125 -120.40625
105068	39.53125 -120.34375
105069	39.53125 -120.28125
105070	39.53125 -120.21875
105071	39.53125 -120.15625
105072	39.53125 -120.09375
105073	39.53125 -120.03125
105074	39.53125 -119.96875
105846	39.46875 -120.96875
105847	39.46875 -120.90625
105848	39.46875 -120.84375
105849	39.46875 -120.78125
105850	39.46875 -120.71875
105851	39.46875 -120.65625
105852	39.46875 -120.59375
105853	39.46875 -120.53125
105854	39.46875 -120.46875
105855	39.46875 -120.40625
105856	39.46875 -120.34375
105857	39.46875 -120.28125
105858	39.46875 -120.21875
105859	39.46875 -120.15625
105860	39.46875 -120.09375
105861	39.46875 -120.03125
105862	39.46875 -119.96875
106629	39.40625 -120.96875
106630	39.40625 -120.90625
106631	39.40625 -120.84375
106632	39.40625 -120.78125
106633	39.40625 -120.71875
106634	39.40625 -120.65625
106635	39.40625 -120.59375
106636	39.40625 -120.53125
106637	39.40625 -120.46875
106638	39.40625 -120.40625
106639	39.40625 -120.34375
106640	39.40625 -120.28125
106641	39.40625 -120.21875
106642	39.40625 -120.15625
106643	39.40625 -120.09375
106644	39.40625 -120.03125
106645	39.40625 -119.96875
107414	39.34375 -120.84375
107415	39.34375 -120.78125
107416	39.34375 -120.71875
107417	39.34375 -120.65625
107418	39.34375 -120.59375
107419	39.34375 -120.53125
107420	39.34375 -120.46875
107421	39.34375 -120.40625
107422	39.34375 -120.34375
107423	39.34375 -120.28125
107424	39.34375 -120.21875
107425	39.34375 -120.15625
107426	39.34375 -120.09375
107427	39.34375 -120.03125
107428	39.34375 -119.96875
108193	39.28125 -120.90625
108194	39.28125 -120.84375
108195	39.28125 -120.78125
108196	39.28125 -120.71875
108197	39.28125 -120.65625
108198	39.28125 -120.59375
108199	39.28125 -120.53125
108200	39.28125 -120.46875
108201	39.28125 -120.40625
108202	39.28125 -120.34375
108203	39.28125 -120.28125
108204	39.28125 -120.21875
108205	39.28125 -120.15625
108206	39.28125 -120.09375
108207	39.28125 -120.03125
108208	39.28125 -119.96875
108972	39.21875 -120.78125
108973	39.21875 -120.71875
108974	39.21875 -120.65625
108975	39.21875 -120.59375
108976	39.21875 -120.53125
108977	39.21875 -120.46875
108978	39.21875 -120.40625
108979	39.21875 -120.34375
108980	39.21875 -120.28125
108981	39.21875 -120.21875
108982	39.21875 -120.15625
108983	39.21875 -120.09375
108984	39.21875 -120.03125
108985	39.21875 -119.96875
109745	39.15625 -120.78125
109746	39.15625 -120.71875
109747	39.15625 -120.65625
109748	39.15625 -120.59375
109749	39.15625 -120.53125
109750	39.15625 -120.46875
109751	39.15625 -120.40625
109752	39.15625 -120.34375
109753	39.15625 -120.28125
109754	39.15625 -120.21875
109755	39.15625 -120.15625
109756	39.15625 -120.09375
109757	39.15625 -120.03125
109758	39.15625 -119.96875
110518	39.09375 -120.65625
110519	39.09375 -120.59375
110520	39.09375 -120.53125
110521	39.09375 -120.46875
110522	39.09375 -120.40625
110523	39.09375 -120.34375
110524	39.09375 -120.28125
110525	39.09375 -120.21875
110526	39.09375 -120.15625
110527	39.09375 -120.09375
110528	39.09375 -120.03125
110529	39.09375 -119.96875
111285	39.03125 -120.59375
111286	39.03125 -120.53125
111287	39.03125 -120.46875
111288	39.03125 -120.40625
111289	39.03125 -120.34375
111290	39.03125 -120.28125
111291	39.03125 -120.21875
111292	39.03125 -120.15625
111293	39.03125 -120.09375
111294	39.03125 -120.03125
111295	39.03125 -119.96875
112053	38.96875 -120.59375
112054	38.96875 -120.53125
112055	38.96875 -120.46875
112056	38.96875 -120.40625
112057	38.96875 -120.34375
112058	38.96875 -120.28125
112059	38.96875 -120.21875
112060	38.96875 -120.15625
112061	38.96875 -120.09375
112062	38.96875 -120.03125
112063	38.96875 -119.96875
112064	38.96875 -119.90625
112823	38.90625 -120.65625
112824	38.90625 -120.59375
112825	38.90625 -120.53125
112826	38.90625 -120.46875
112827	38.90625 -120.40625
112828	38.90625 -120.34375
112829	38.90625 -120.28125
112830	38.90625 -120.21875
112831	38.90625 -120.15625
112832	38.90625 -120.09375
112833	38.90625 -120.03125
112834	38.90625 -119.96875
112835	38.90625 -119.90625
112836	38.90625 -119.84375
113592	38.84375 -120.59375
113593	38.84375 -120.53125
113594	38.84375 -120.46875
113595	38.84375 -120.40625
113596	38.84375 -120.34375
113597	38.84375 -120.28125
113598	38.84375 -120.21875
113599	38.84375 -120.15625
113600	38.84375 -120.09375
113601	38.84375 -120.03125
113602	38.84375 -119.96875
113603	38.84375 -119.90625
113604	38.84375 -119.84375
114362	38.78125 -120.46875
114363	38.78125 -120.40625
114364	38.78125 -120.34375
114365	38.78125 -120.28125
114366	38.78125 -120.21875
114367	38.78125 -120.15625
114368	38.78125 -120.09375
114369	38.78125 -120.03125
114370	38.78125 -119.96875
114371	38.78125 -119.90625
114372	38.78125 -119.84375
114374	38.78125 -119.71875
114375	38.78125 -119.65625
115126	38.71875 -120.46875
115127	38.71875 -120.40625
115128	38.71875 -120.34375
115129	38.71875 -120.28125
115130	38.71875 -120.21875
115131	38.71875 -120.15625
115132	38.71875 -120.09375
115133	38.71875 -120.03125
115134	38.71875 -119.96875
115135	38.71875 -119.90625
115136	38.71875 -119.84375
115137	38.71875 -119.78125
115138	38.71875 -119.71875
115139	38.71875 -119.65625
115140	38.71875 -119.59375
115892	38.65625 -120.46875
115893	38.65625 -120.40625
115894	38.65625 -120.34375
115895	38.65625 -120.28125
115896	38.65625 -120.21875
115897	38.65625 -120.15625
115898	38.65625 -120.09375
115899	38.65625 -120.03125
115900	38.65625 -119.96875
115901	38.65625 -119.90625
115902	38.65625 -119.84375
115903	38.65625 -119.78125
115904	38.65625 -119.71875
115905	38.65625 -119.65625
115906	38.65625 -119.59375
115907	38.65625 -119.53125
116658	38.59375 -120.46875
116659	38.59375 -120.40625
116660	38.59375 -120.34375
116661	38.59375 -120.28125
116662	38.59375 -120.21875
116663	38.59375 -120.15625
116664	38.59375 -120.09375
116665	38.59375 -120.03125
116666	38.59375 -119.96875
116667	38.59375 -119.90625
116668	38.59375 -119.84375
116669	38.59375 -119.78125
116670	38.59375 -119.71875
116671	38.59375 -119.65625
116672	38.59375 -119.59375
116673	38.59375 -119.53125
116675	38.59375 -119.40625
117420	38.53125 -120.46875
117421	38.53125 -120.40625
117422	38.53125 -120.34375
117423	38.53125 -120.28125
117424	38.53125 -120.21875
117425	38.53125 -120.15625
117426	38.53125 -120.09375
117427	38.53125 -120.03125
117428	38.53125 -119.96875
117429	38.53125 -119.90625
117430	38.53125 -119.84375
117431	38.53125 -119.78125
117432	38.53125 -119.71875
117433	38.53125 -119.65625
117434	38.53125 -119.59375
117435	38.53125 -119.53125
117437	38.53125 -119.40625
117438	38.53125 -119.34375
117439	38.53125 -119.28125
118181	38.46875 -120.40625
118182	38.46875 -120.34375
118183	38.46875 -120.28125
118184	38.46875 -120.21875
118185	38.46875 -120.15625
118186	38.46875 -120.09375
118187	38.46875 -120.03125
118188	38.46875 -119.96875
118189	38.46875 -119.90625
118190	38.46875 -119.84375
118191	38.46875 -119.78125
118192	38.46875 -119.71875
118193	38.46875 -119.65625
118194	38.46875 -119.59375
118195	38.46875 -119.53125
118196	38.46875 -119.46875
118197	38.46875 -119.40625
118198	38.46875 -119.34375
118199	38.46875 -119.28125
118200	38.46875 -119.21875
118943	38.40625 -120.34375
118944	38.40625 -120.28125
118945	38.40625 -120.21875
118946	38.40625 -120.15625
118947	38.40625 -120.09375
118948	38.40625 -120.03125
118949	38.40625 -119.96875
118950	38.40625 -119.90625
118951	38.40625 -119.84375
118952	38.40625 -119.78125
118953	38.40625 -119.71875
118954	38.40625 -119.65625
118955	38.40625 -119.59375
118956	38.40625 -119.53125
118957	38.40625 -119.46875
118958	38.40625 -119.40625
118959	38.40625 -119.34375
118960	38.40625 -119.28125
118961	38.40625 -119.21875
118962	38.40625 -119.15625
118963	38.40625 -119.09375
119697	38.34375 -120.34375
119698	38.34375 -120.28125
119699	38.34375 -120.21875
119700	38.34375 -120.15625
119701	38.34375 -120.09375
119702	38.34375 -120.03125
119703	38.34375 -119.96875
119704	38.34375 -119.90625
119705	38.34375 -119.84375
119706	38.34375 -119.78125
119707	38.34375 -119.71875
119708	38.34375 -119.65625
119709	38.34375 -119.59375
119710	38.34375 -119.53125
119711	38.34375 -119.46875
119712	38.34375 -119.40625
119713	38.34375 -119.34375
119714	38.34375 -119.28125
119715	38.34375 -119.21875
119716	38.34375 -119.15625
119717	38.34375 -119.09375
119718	38.34375 -119.03125
120448	38.28125 -120.34375
120449	38.28125 -120.28125
120450	38.28125 -120.21875
120451	38.28125 -120.15625
120452	38.28125 -120.09375
120453	38.28125 -120.03125
120454	38.28125 -119.96875
120455	38.28125 -119.90625
120456	38.28125 -119.84375
120457	38.28125 -119.78125
120458	38.28125 -119.71875
120459	38.28125 -119.65625
120460	38.28125 -119.59375
120461	38.28125 -119.53125
120462	38.28125 -119.46875
120463	38.28125 -119.40625
120464	38.28125 -119.34375
120465	38.28125 -119.28125
120466	38.28125 -119.21875
120467	38.28125 -119.15625
120468	38.28125 -119.09375
120469	38.28125 -119.03125
120470	38.28125 -118.96875
121202	38.21875 -120.21875
121203	38.21875 -120.15625
121204	38.21875 -120.09375
121205	38.21875 -120.03125
121206	38.21875 -119.96875
121207	38.21875 -119.90625
121208	38.21875 -119.84375
121209	38.21875 -119.78125
121210	38.21875 -119.71875
121211	38.21875 -119.65625
121212	38.21875 -119.59375
121213	38.21875 -119.53125
121214	38.21875 -119.46875
121215	38.21875 -119.40625
121216	38.21875 -119.34375
121217	38.21875 -119.28125
121218	38.21875 -119.21875
121219	38.21875 -119.15625
121220	38.21875 -119.09375
121221	38.21875 -119.03125
121222	38.21875 -118.96875
121223	38.21875 -118.90625
121224	38.21875 -118.84375
121945	38.15625 -120.15625
121946	38.15625 -120.09375
121947	38.15625 -120.03125
121948	38.15625 -119.96875
121949	38.15625 -119.90625
121950	38.15625 -119.84375
121951	38.15625 -119.78125
121952	38.15625 -119.71875
121953	38.15625 -119.65625
121954	38.15625 -119.59375
121955	38.15625 -119.53125
121956	38.15625 -119.46875
121957	38.15625 -119.40625
121958	38.15625 -119.34375
121959	38.15625 -119.28125
121960	38.15625 -119.21875
121961	38.15625 -119.15625
121962	38.15625 -119.09375
121963	38.15625 -119.03125
121964	38.15625 -118.96875
121965	38.15625 -118.90625
121966	38.15625 -118.84375
121967	38.15625 -118.78125
122678	38.09375 -120.15625
122679	38.09375 -120.09375
122680	38.09375 -120.03125
122681	38.09375 -119.96875
122682	38.09375 -119.90625
122683	38.09375 -119.84375
122684	38.09375 -119.78125
122685	38.09375 -119.71875
122686	38.09375 -119.65625
122687	38.09375 -119.59375
122688	38.09375 -119.53125
122689	38.09375 -119.46875
122690	38.09375 -119.40625
122691	38.09375 -119.34375
122692	38.09375 -119.28125
122693	38.09375 -119.21875
122694	38.09375 -119.15625
122695	38.09375 -119.09375
122696	38.09375 -119.03125
122697	38.09375 -118.96875
122698	38.09375 -118.90625
122699	38.09375 -118.84375
122700	38.09375 -118.78125
122701	38.09375 -118.71875
122702	38.09375 -118.65625
123417	38.03125 -120.09375
123418	38.03125 -120.03125
123419	38.03125 -119.96875
123420	38.03125 -119.90625
123421	38.03125 -119.84375
123422	38.03125 -119.78125
123423	38.03125 -119.71875
123424	38.03125 -119.65625
123425	38.03125 -119.59375
123426	38.03125 -119.53125
123427	38.03125 -119.46875
123428	38.03125 -119.40625
123429	38.03125 -119.34375
123430	38.03125 -119.28125
123431	38.03125 -119.21875
123432	38.03125 -119.15625
123433	38.03125 -119.09375
123434	38.03125 -119.03125
123435	38.03125 -118.96875
123436	38.03125 -118.90625
123437	38.03125 -118.84375
123438	38.03125 -118.78125
123439	38.03125 -118.71875
123440	38.03125 -118.65625
123441	38.03125 -118.59375
124161	37.96875 -120.09375
124163	37.96875 -119.96875
124165	37.96875 -119.84375
124166	37.96875 -119.78125
124167	37.96875 -119.71875
124168	37.96875 -119.65625
124169	37.96875 -119.59375
124170	37.96875 -119.53125
124171	37.96875 -119.46875
124172	37.96875 -119.40625
124173	37.96875 -119.34375
124174	37.96875 -119.28125
124175	37.96875 -119.21875
124176	37.96875 -119.15625
124177	37.96875 -119.09375
124178	37.96875 -119.03125
124179	37.96875 -118.96875
124180	37.96875 -118.90625
124181	37.96875 -118.84375
124182	37.96875 -118.78125
124183	37.96875 -118.71875
124185	37.96875 -118.59375
124186	37.96875 -118.53125
124907	37.90625 -119.84375
124908	37.90625 -119.78125
124909	37.90625 -119.71875
124910	37.90625 -119.65625
124911	37.90625 -119.59375
124912	37.90625 -119.53125
124913	37.90625 -119.46875
124914	37.90625 -119.40625
124915	37.90625 -119.34375
124916	37.90625 -119.28125
124917	37.90625 -119.21875
124918	37.90625 -119.15625
124919	37.90625 -119.09375
124920	37.90625 -119.03125
124921	37.90625 -118.96875
124922	37.90625 -118.90625
124923	37.90625 -118.84375
124924	37.90625 -118.78125
124925	37.90625 -118.71875
124926	37.90625 -118.65625
125643	37.84375 -119.90625
125644	37.84375 -119.84375
125645	37.84375 -119.78125
125646	37.84375 -119.71875
125647	37.84375 -119.65625
125648	37.84375 -119.59375
125649	37.84375 -119.53125
125650	37.84375 -119.46875
125651	37.84375 -119.40625
125652	37.84375 -119.34375
125653	37.84375 -119.28125
125654	37.84375 -119.21875
125655	37.84375 -119.15625
125656	37.84375 -119.09375
125657	37.84375 -119.03125
125658	37.84375 -118.96875
125659	37.84375 -118.90625
125660	37.84375 -118.84375
125661	37.84375 -118.78125
125662	37.84375 -118.71875
125663	37.84375 -118.65625
125664	37.84375 -118.59375
125667	37.84375 -118.40625
125668	37.84375 -118.34375
126377	37.78125 -119.96875
126378	37.78125 -119.90625
126379	37.78125 -119.84375
126380	37.78125 -119.78125
126381	37.78125 -119.71875
126382	37.78125 -119.65625
126383	37.78125 -119.59375
126384	37.78125 -119.53125
126385	37.78125 -119.46875
126386	37.78125 -119.40625
126387	37.78125 -119.34375
126388	37.78125 -119.28125
126389	37.78125 -119.21875
126390	37.78125 -119.15625
126391	37.78125 -119.09375
126392	37.78125 -119.03125
126393	37.78125 -118.96875
126394	37.78125 -118.90625
126395	37.78125 -118.84375
126396	37.78125 -118.78125
126397	37.78125 -118.71875
126398	37.78125 -118.65625
126399	37.78125 -118.59375
126400	37.78125 -118.53125
126402	37.78125 -118.40625
126403	37.78125 -118.34375
126404	37.78125 -118.28125
127114	37.71875 -119.84375
127115	37.71875 -119.78125
127116	37.71875 -119.71875
127117	37.71875 -119.65625
127118	37.71875 -119.59375
127119	37.71875 -119.53125
127120	37.71875 -119.46875
127121	37.71875 -119.40625
127122	37.71875 -119.34375
127123	37.71875 -119.28125
127124	37.71875 -119.21875
127125	37.71875 -119.15625
127126	37.71875 -119.09375
127127	37.71875 -119.03125
127128	37.71875 -118.96875
127129	37.71875 -118.90625
127130	37.71875 -118.84375
127131	37.71875 -118.78125
127132	37.71875 -118.71875
127133	37.71875 -118.65625
127134	37.71875 -118.59375
127135	37.71875 -118.53125
127138	37.71875 -118.34375
127139	37.71875 -118.28125
127140	37.71875 -118.21875
127851	37.65625 -119.78125
127852	37.65625 -119.71875
127853	37.65625 -119.65625
127854	37.65625 -119.59375
127855	37.65625 -119.53125
127856	37.65625 -119.46875
127857	37.65625 -119.40625
127858	37.65625 -119.34375
127859	37.65625 -119.28125
127860	37.65625 -119.21875
127861	37.65625 -119.15625
127862	37.65625 -119.09375
127863	37.65625 -119.03125
127864	37.65625 -118.96875
127865	37.65625 -118.90625
127866	37.65625 -118.84375
127867	37.65625 -118.78125
127868	37.65625 -118.71875
127869	37.65625 -118.65625
127870	37.65625 -118.59375
127871	37.65625 -118.53125
127875	37.65625 -118.28125
127876	37.65625 -118.21875
128587	37.59375 -119.78125
128588	37.59375 -119.71875
128589	37.59375 -119.65625
128590	37.59375 -119.59375
128591	37.59375 -119.53125
128592	37.59375 -119.46875
128593	37.59375 -119.40625
128594	37.59375 -119.34375
128595	37.59375 -119.28125
128596	37.59375 -119.21875
128597	37.59375 -119.15625
128598	37.59375 -119.09375
128599	37.59375 -119.03125
128600	37.59375 -118.96875
128601	37.59375 -118.90625
128602	37.59375 -118.84375
128603	37.59375 -118.78125
128604	37.59375 -118.71875
128605	37.59375 -118.65625
128606	37.59375 -118.59375
128607	37.59375 -118.53125
128611	37.59375 -118.28125
128612	37.59375 -118.21875
128613	37.59375 -118.15625
129324	37.53125 -119.78125
129325	37.53125 -119.71875
129326	37.53125 -119.65625
129327	37.53125 -119.59375
129328	37.53125 -119.53125
129329	37.53125 -119.46875
129330	37.53125 -119.40625
129331	37.53125 -119.34375
129332	37.53125 -119.28125
129333	37.53125 -119.21875
129334	37.53125 -119.15625
129335	37.53125 -119.09375
129336	37.53125 -119.03125
129337	37.53125 -118.96875
129338	37.53125 -118.90625
129339	37.53125 -118.84375
129340	37.53125 -118.78125
129341	37.53125 -118.71875
129342	37.53125 -118.65625
129348	37.53125 -118.28125
129349	37.53125 -118.21875
129350	37.53125 -118.15625
129351	37.53125 -118.09375
129352	37.53125 -118.03125
130060	37.46875 -119.71875
130061	37.46875 -119.65625
130062	37.46875 -119.59375
130063	37.46875 -119.53125
130064	37.46875 -119.46875
130065	37.46875 -119.40625
130066	37.46875 -119.34375
130067	37.46875 -119.28125
130068	37.46875 -119.21875
130069	37.46875 -119.15625
130070	37.46875 -119.09375
130071	37.46875 -119.03125
130072	37.46875 -118.96875
130073	37.46875 -118.90625
130074	37.46875 -118.84375
130075	37.46875 -118.78125
130076	37.46875 -118.71875
130077	37.46875 -118.65625
130083	37.46875 -118.28125
130084	37.46875 -118.21875
130085	37.46875 -118.15625
130086	37.46875 -118.09375
130087	37.46875 -118.03125
130798	37.40625 -119.59375
130799	37.40625 -119.53125
130800	37.40625 -119.46875
130801	37.40625 -119.40625
130802	37.40625 -119.34375
130803	37.40625 -119.28125
130804	37.40625 -119.21875
130805	37.40625 -119.15625
130806	37.40625 -119.09375
130807	37.40625 -119.03125
130808	37.40625 -118.96875
130809	37.40625 -118.90625
130810	37.40625 -118.84375
130811	37.40625 -118.78125
130812	37.40625 -118.71875
130813	37.40625 -118.65625
130820	37.40625 -118.21875
130821	37.40625 -118.15625
130822	37.40625 -118.09375
131537	37.34375 -119.53125
131538	37.34375 -119.46875
131539	37.34375 -119.40625
131542	37.34375 -119.21875
131543	37.34375 -119.15625
131544	37.34375 -119.09375
131545	37.34375 -119.03125
131546	37.34375 -118.96875
131547	37.34375 -118.90625
131548	37.34375 -118.84375
131549	37.34375 -118.78125
131550	37.34375 -118.71875
131551	37.34375 -118.65625
131552	37.34375 -118.59375
131558	37.34375 -118.21875
131559	37.34375 -118.15625
132272	37.28125 -119.46875
132273	37.28125 -119.40625
132275	37.28125 -119.28125
132276	37.28125 -119.21875
132277	37.28125 -119.15625
132278	37.28125 -119.09375
132279	37.28125 -119.03125
132280	37.28125 -118.96875
132281	37.28125 -118.90625
132282	37.28125 -118.84375
132283	37.28125 -118.78125
132284	37.28125 -118.71875
132285	37.28125 -118.65625
132286	37.28125 -118.59375
132287	37.28125 -118.53125
132288	37.28125 -118.46875
132289	37.28125 -118.40625
132292	37.28125 -118.21875
132293	37.28125 -118.15625
133007	37.21875 -119.40625
133009	37.21875 -119.28125
133010	37.21875 -119.21875
133011	37.21875 -119.15625
133012	37.21875 -119.09375
133013	37.21875 -119.03125
133014	37.21875 -118.96875
133015	37.21875 -118.90625
133016	37.21875 -118.84375
133017	37.21875 -118.78125
133018	37.21875 -118.71875
133019	37.21875 -118.65625
133020	37.21875 -118.59375
133021	37.21875 -118.53125
133022	37.21875 -118.46875
133023	37.21875 -118.40625
133028	37.21875 -118.09375
133029	37.21875 -118.03125
133740	37.15625 -119.28125
133741	37.15625 -119.21875
133742	37.15625 -119.15625
133743	37.15625 -119.09375
133744	37.15625 -119.03125
133745	37.15625 -118.96875
133746	37.15625 -118.90625
133747	37.15625 -118.84375
133748	37.15625 -118.78125
133749	37.15625 -118.71875
133750	37.15625 -118.65625
133751	37.15625 -118.59375
133752	37.15625 -118.53125
133753	37.15625 -118.46875
133754	37.15625 -118.40625
133759	37.15625 -118.09375
133760	37.15625 -118.03125
134469	37.09375 -119.34375
134470	37.09375 -119.28125
134471	37.09375 -119.21875
134472	37.09375 -119.15625
134473	37.09375 -119.09375
134474	37.09375 -119.03125
134475	37.09375 -118.96875
134476	37.09375 -118.90625
134477	37.09375 -118.84375
134478	37.09375 -118.78125
134479	37.09375 -118.71875
134480	37.09375 -118.65625
134481	37.09375 -118.59375
134482	37.09375 -118.53125
134483	37.09375 -118.46875
134484	37.09375 -118.40625
134488	37.09375 -118.15625
134489	37.09375 -118.09375
134490	37.09375 -118.03125
135206	37.03125 -119.15625
135207	37.03125 -119.09375
135208	37.03125 -119.03125
135209	37.03125 -118.96875
135210	37.03125 -118.90625
135211	37.03125 -118.84375
135212	37.03125 -118.78125
135213	37.03125 -118.71875
135214	37.03125 -118.65625
135215	37.03125 -118.59375
135216	37.03125 -118.53125
135217	37.03125 -118.46875
135218	37.03125 -118.40625
135222	37.03125 -118.15625
135223	37.03125 -118.09375
135224	37.03125 -118.03125
135935	36.96875 -119.09375
135936	36.96875 -119.03125
135937	36.96875 -118.96875
135938	36.96875 -118.90625
135939	36.96875 -118.84375
135940	36.96875 -118.78125
135941	36.96875 -118.71875
135942	36.96875 -118.65625
135943	36.96875 -118.59375
135944	36.96875 -118.53125
135945	36.96875 -118.46875
135946	36.96875 -118.40625
135947	36.96875 -118.34375
135951	36.96875 -118.09375
135952	36.96875 -118.03125
